0 20
0 24
0 26
0 27
0 30
0 31
0 35
0 36
0 38
0 39
0 40
0 41
0 43
0 53
0 54
0 55
0 61
0 62
0 64
0 69
0 72
0 73
0 74
0 76
0 77
0 80
0 81
0 83
0 84
0 85
0 87
0 89
1 17
1 20
1 24
1 26
1 29
1 30
1 32
1 34
1 35
1 37
1 41
1 48
1 50
1 53
1 56
1 58
1 67
1 69
1 72
1 76
1 77
1 79
1 84
1 85
2 12
2 16
2 20
2 23
2 27
2 30
2 32
2 41
2 45
2 46
2 47
2 49
2 54
2 57
2 60
2 61
2 76
2 77
2 79
2 80
2 81
2 82
2 83
2 84
2 85
2 86
2 89
3 24
3 33
3 34
3 36
3 38
3 39
3 53
3 55
3 57
3 65
3 70
3 74
3 75
3 77
3 80
3 81
3 85
3 87
3 88
4 7
4 11
4 19
4 26
4 29
4 34
4 37
4 40
4 42
4 43
4 45
4 52
4 53
4 55
4 57
4 61
4 73
4 74
4 75
4 76
4 77
4 79
4 80
4 81
4 82
4 86
4 87
5 5
5 16
5 24
5 25
5 31
5 38
5 41
5 43
5 46
5 47
5 48
5 51
5 54
5 63
5 69
5 70
5 72
5 75
5 76
5 87
6 29
6 33
6 38
6 41
6 46
6 50
6 76
6 77
6 78
6 82
6 85
6 86
6 87
6 89
7 7
7 16
7 20
7 29
7 31
7 32
7 37
7 39
7 40
7 41
7 49
7 52
7 57
7 65
7 66
7 71
7 75
7 77
7 80
7 81
7 82
7 83
7 84
7 85
7 86
7 87
7 88
7 89
