0 0
0 1
0 2
0 4
0 5
0 7
0 8
0 11
0 12
0 13
0 15
0 16
0 17
0 19
0 20
0 25
0 26
0 28
0 29
1 0
1 1
1 2
1 3
1 4
1 6
1 7
1 10
1 13
1 15
1 17
1 19
1 21
1 23
1 25
1 26
1 28
1 31
2 0
2 1
2 2
2 3
2 4
2 6
2 8
2 9
2 10
2 11
2 12
2 13
2 15
2 21
2 22
2 25
2 28
2 29
2 31
3 0
3 4
3 5
3 6
3 8
3 9
3 11
3 12
3 13
3 15
3 16
3 17
3 21
3 23
3 27
3 28
3 31
4 0
4 4
4 10
4 11
4 14
4 15
4 16
4 17
4 19
4 20
4 26
4 27
4 31
5 2
5 3
5 4
5 6
5 7
5 8
5 10
5 13
5 18
5 19
5 21
5 22
5 23
5 24
5 27
5 28
5 29
5 30
5 31
6 1
6 3
6 4
6 5
6 6
6 7
6 9
6 10
6 11
6 14
6 15
6 18
6 22
6 24
6 26
6 29
7 1
7 2
7 5
7 7
7 8
7 10
7 12
7 21
7 22
7 23
7 25
7 28
