0 192 803 22 0 0
0 194 781 2 0 0
0 199 661 1 1 0
0 211 696 82 0 0
0 215 234 -17 0 0
0 215 693 11 0 0
0 215 731 -48 0 0
0 218 597 6 0 0
0 218 601 56 0 0
0 222 958 -7 0 0
0 223 958 -7 0 0
0 215 234 -8 1 0
0 215 693 7 1 0
0 230 666 39 0 0
0 233 364 29 0 0
0 242 621 22 0 0
0 242 622 65 0 0
0 243 618 2 0 0
0 243 619 16 0 0
0 247 617 42 0 0
0 247 618 113 0 0
0 255 902 -65 0 0
0 247 617 8 1 0
0 247 618 8 1 0
0 248 614 3 1 0
0 256 477 10 0 0
0 256 478 29 0 0
0 256 479 34 0 0
0 256 480 21 0 0
0 256 484 14 0 0
0 260 479 2 0 0
0 255 902 -6 1 0
0 264 561 15 0 0
0 269 558 24 0 0
0 269 559 7 0 0
0 263 272 -2 1 0
0 284 613 -43 0 0
0 286 858 14 0 0
0 287 470 -39 0 0
0 287 858 14 0 0
0 290 672 13 0 0
0 290 798 2 0 0
0 290 799 4 0 0
0 291 328 61 0 0
0 294 270 -9 0 0
0 295 270 -9 0 0
0 287 470 -8 1 0
0 301 675 32 0 0
0 302 670 43 0 0
0 303 670 43 0 0
0 303 675 56 0 0
0 303 679 -63 0 0
0 305 619 22 0 0
0 305 620 23 0 0
0 310 558 17 0 0
0 311 558 17 0 0
0 316 553 1 0 0
0 316 554 28 0 0
0 316 555 28 0 0
0 316 556 18 0 0
0 316 557 32 0 0
0 319 332 -10 0 0
0 322 554 46 0 0
0 319 332 -8 1 0
0 336 473 8 0 0
0 337 473 1 0 0
0 341 474 23 0 0
0 341 475 11 0 0
0 341 575 -23 0 0
0 343 350 -5 0 0
0 343 562 -84 0 0
0 343 350 -8 1 0
0 353 475 -29 0 0
0 359 834 -10 0 0
0 374 566 2 0 0
0 375 558 13 0 0
0 375 562 11 0 0
0 375 566 2 0 0
0 376 571 19 0 0
0 377 571 8 0 0
0 379 495 46 0 0
0 379 496 48 0 0
0 375 558 8 1 0
0 375 562 8 1 0
0 375 676 -4 1 0
0 388 487 16 0 0
0 388 488 70 0 0
0 388 489 54 0 0
0 388 490 6 0 0
0 390 378 -47 0 0
0 391 270 -65 0 0
0 391 378 -47 0 0
0 391 270 -8 1 0
0 400 548 28 0 0
0 400 549 92 0 0
0 400 550 55 0 0
0 400 551 13 0 0
0 402 336 87 0 0
0 402 337 28 0 0
0 402 340 48 0 0
0 404 566 -1 0 0
0 407 499 -15 0 0
0 407 500 -42 0 0
0 400 548 8 1 0
0 400 549 8 1 0
0 400 550 8 1 0
0 400 551 8 1 0
0 407 499 -8 1 0
0 407 500 -8 1 0
0 418 563 -1 0 0
0 423 539 -51 0 0
0 424 539 -15 0 0
0 425 549 -16 0 0
0 429 686 55 0 0
0 423 539 -8 1 0
0 424 539 -8 1 0
0 431 465 -5 1 0
0 442 685 44 0 0
0 447 787 -39 0 0
0 454 687 29 0 0
0 495 379 -17 0 0
0 495 379 -8 1 0
0 541 810 11 0 0
0 581 917 13 0 0
0 581 918 38 0 0
0 586 936 24 0 0
0 587 874 10 0 0
0 589 860 9 0 0
0 592 902 12 0 0
0 594 885 2 0 0
0 594 886 9 0 0
0 595 816 14 0 0
0 597 801 14 0 0
0 597 802 26 0 0
0 597 922 22 0 0
0 598 898 9 0 0
0 598 899 2 0 0
0 598 972 12 0 0
0 598 973 10 0 0
0 599 906 82 0 0
0 599 972 12 0 0
0 599 973 10 0 0
0 600 876 4 0 0
0 604 858 6 0 0
0 605 744 21 0 0
0 605 865 1 0 0
0 606 802 4 0 0
0 606 803 1 0 0
0 606 898 53 0 0
0 606 986 18 0 0
0 607 849 50 0 0
0 607 850 43 0 0
0 607 898 53 0 0
0 607 986 18 0 0
0 599 906 8 1 0
0 608 898 24 0 0
0 610 886 33 0 0
0 610 887 26 0 0
0 611 823 5 0 0
0 611 824 22 0 0
0 612 773 32 0 0
0 613 808 10 0 0
0 614 826 1 0 0
0 614 841 28 0 0
0 614 946 60 0 0
0 615 674 21 0 0
0 615 760 16 0 0
0 615 792 37 0 0
0 607 850 8 1 0
0 608 898 8 1 0
0 616 774 14 0 0
0 616 785 1 0 0
0 616 838 23 0 0
0 618 731 37 0 0
0 618 778 22 0 0
0 620 694 11 0 0
0 620 818 7 0 0
0 621 747 3 0 0
0 621 782 4 0 0
0 621 793 41 0 0
0 621 794 66 0 0
0 622 716 5 0 0
0 622 782 36 0 0
0 622 850 60 0 0
0 623 618 12 0 0
0 623 697 84 0 0
0 623 698 68 0 0
0 623 716 5 0 0
0 623 737 58 0 0
0 623 738 102 0 0
0 623 744 6 0 0
0 623 782 36 0 0
0 623 783 8 0 0
0 623 850 60 0 0
0 623 942 9 0 0
0 615 674 8 1 0
0 615 760 8 1 0
0 615 792 8 1 0
0 624 790 12 0 0
0 626 658 7 0 0
0 626 694 31 0 0
0 626 860 15 0 0
0 626 861 4 0 0
0 626 900 5 0 0
0 627 588 9 0 0
0 630 790 8 0 0
0 631 641 10 0 0
0 631 776 38 0 0
0 631 777 30 0 0
0 631 790 8 0 0
0 623 618 8 1 0
0 623 744 8 1 0
0 623 777 2 1 0
0 623 783 6 1 0
0 623 942 6 1 0
0 624 796 2 1 0
0 632 686 4 0 0
0 632 690 5 0 0
0 632 691 1 0 0
0 632 698 3 0 0
0 632 797 1 0 0
0 632 818 15 0 0
0 632 862 11 0 0
0 634 618 13 0 0
0 634 663 29 0 0
0 634 704 9 0 0
0 634 846 44 0 0
0 634 847 36 0 0
0 636 649 17 0 0
0 636 730 11 0 0
0 636 750 1 0 0
0 636 758 21 0 0
0 636 810 4 0 0
0 636 830 1 0 0
0 637 810 4 0 0
0 637 811 37 0 0
0 637 812 6 0 0
0 637 851 20 0 0
0 637 852 1 0 0
0 638 595 7 0 0
0 638 596 3 0 0
0 638 600 20 0 0
0 638 630 24 0 0
0 638 631 28 0 0
0 638 646 6 0 0
0 638 686 16 0 0
0 638 702 5 0 0
0 638 810 4 0 0
0 638 870 1 0 0
0 639 600 20 0 0
0 639 625 35 0 0
0 639 626 38 0 0
0 639 630 24 0 0
0 639 631 12 0 0
0 639 646 6 0 0
0 639 680 25 0 0
0 639 686 16 0 0
0 639 753 49 0 0
0 639 754 18 0 0
0 639 810 4 0 0
0 639 870 1 0 0
0 631 641 6 1 0
0 631 776 8 1 0
0 631 777 8 1 0
0 632 686 2 1 0
0 632 818 8 1 0
0 640 578 26 0 0
0 640 598 7 0 0
0 640 661 40 0 0
0 640 769 25 0 0
0 640 770 41 0 0
0 640 781 24 0 0
0 640 810 37 0 0
0 641 613 9 0 0
0 642 546 14 0 0
0 642 647 55 0 0
0 642 689 2 0 0
0 642 690 21 0 0
0 642 744 15 0 0
0 642 799 2 0 0
0 642 818 16 0 0
0 643 580 53 0 0
0 643 647 5 0 0
0 645 568 7 0 0
0 645 804 57 0 0
0 645 805 7 0 0
0 646 562 2 0 0
0 647 452 50 0 0
0 647 573 10 0 0
0 647 622 25 0 0
0 647 623 3 0 0
0 647 785 28 0 0
0 647 786 28 0 0
0 639 625 8 1 0
0 639 626 8 1 0
0 639 680 8 1 0
0 639 754 8 1 0
0 640 694 2 1 0
0 640 727 7 1 0
0 640 728 5 1 0
0 640 769 8 1 0
0 640 781 8 1 0
0 640 810 8 1 0
0 648 706 4 0 0
0 648 742 10 0 0
0 650 660 21 0 0
0 652 542 13 0 0
0 652 626 1 0 0
0 652 724 17 0 0
0 652 731 7 0 0
0 653 513 11 0 0
0 653 514 35 0 0
0 654 582 51 0 0
0 654 686 6 0 0
0 655 398 3 0 0
0 655 570 23 0 0
0 655 571 31 0 0
0 655 581 24 0 0
0 655 582 51 0 0
0 655 646 1 0 0
0 655 686 6 0 0
0 647 452 8 1 0
0 647 622 8 1 0
0 647 623 6 1 0
0 647 785 2 1 0
0 647 786 8 1 0
0 656 602 10 0 0
0 656 606 66 0 0
0 656 607 29 0 0
0 656 626 2 0 0
0 656 654 5 0 0
0 657 483 3 0 0
0 657 484 31 0 0
0 657 526 2 0 0
0 658 537 23 0 0
0 658 584 11 0 0
0 658 669 32 0 0
0 658 670 14 0 0
0 659 514 10 0 0
0 660 530 2 0 0
0 660 588 7 0 0
0 660 614 42 0 0
0 660 615 20 0 0
0 660 656 9 0 0
0 660 666 22 0 0
0 661 502 23 0 0
0 661 520 4 0 0
0 661 543 6 0 0
0 661 544 17 0 0
0 661 561 29 0 0
0 662 560 27 0 0
0 662 590 2 0 0
0 662 603 1 0 0
0 662 644 29 0 0
0 662 649 6 0 0
0 662 650 20 0 0
0 663 559 32 0 0
0 663 560 27 0 0
0 663 590 2 0 0
0 663 642 18 0 0
0 663 643 48 0 0
0 663 644 29 0 0
0 663 649 6 0 0
0 663 650 20 0 0
0 655 398 8 1 0
0 655 570 8 1 0
0 655 571 8 1 0
0 655 646 5 1 0
0 664 537 5 0 0
0 664 590 28 0 0
0 666 462 20 0 0
0 666 463 3 0 0
0 666 504 7 0 0
0 668 492 17 0 0
0 668 493 4 0 0
0 670 511 2 0 0
0 671 511 2 0 0
0 663 559 8 1 0
0 663 601 1 1 0
0 663 642 8 1 0
0 664 590 8 1 0
0 672 426 15 0 0
0 672 514 6 0 0
0 672 738 1 0 0
0 673 398 17 0 0
0 673 525 24 0 0
0 673 526 34 0 0
0 674 524 15 0 0
0 674 540 7 0 0
0 674 726 21 0 0
0 677 434 19 0 0
0 678 444 57 0 0
0 678 474 1 0 0
0 678 537 6 0 0
0 678 798 16 0 0
0 679 378 48 0 0
0 679 444 57 0 0
0 679 474 1 0 0
0 679 798 16 0 0
0 672 426 5 1 0
0 672 514 8 1 0
0 683 749 3 0 0
0 684 466 5 0 0
0 684 542 2 0 0
0 684 749 31 0 0
0 684 750 24 0 0
0 685 470 32 0 0
0 685 531 1 0 0
0 685 532 4 0 0
0 685 749 18 0 0
0 686 422 4 0 0
0 686 423 2 0 0
0 686 430 12 0 0
0 686 536 18 0 0
0 686 540 16 0 0
0 686 541 3 0 0
0 686 748 2 0 0
0 686 749 5 0 0
0 686 801 11 0 0
0 687 414 47 0 0
0 687 430 12 0 0
0 687 431 19 0 0
0 687 475 8 0 0
0 687 520 4 0 0
0 687 536 18 0 0
0 687 540 16 0 0
0 687 748 2 0 0
0 687 749 5 0 0
0 687 801 11 0 0
0 679 378 8 1 0
0 679 525 8 1 0
0 679 692 4 1 0
0 680 798 1 1 0
0 688 801 4 0 0
0 692 751 15 0 0
0 693 850 8 0 0
0 694 454 34 0 0
0 694 455 26 0 0
0 694 490 15 0 0
0 694 491 2 0 0
0 694 803 6 0 0
0 694 804 18 0 0
0 694 849 21 0 0
0 694 850 64 0 0
0 695 454 34 0 0
0 695 478 61 0 0
0 695 490 15 0 0
0 695 803 6 0 0
0 695 804 18 0 0
0 695 849 21 0 0
0 695 850 64 0 0
0 687 475 1 1 0
0 687 476 3 1 0
0 687 520 5 1 0
0 688 529 6 1 0
0 688 801 8 1 0
0 702 415 15 0 0
0 702 458 5 0 0
0 702 649 1 0 0
0 702 701 20 0 0
0 702 702 29 0 0
0 702 797 1 0 0
0 703 415 15 0 0
0 703 421 7 0 0
0 703 458 5 0 0
0 703 649 1 0 0
0 703 701 20 0 0
0 703 702 29 0 0
0 703 797 1 0 0
0 695 478 8 1 0
0 695 479 7 1 0
0 707 760 11 0 0
0 708 705 11 0 0
0 710 406 9 0 0
0 711 406 9 0 0
0 703 421 8 1 0
0 704 580 4 1 0
0 704 581 1 1 0
0 712 797 4 0 0
0 717 698 13 0 0
0 222 561 1 0 1
0 223 545 39 0 1
0 239 329 -4 0 1
0 245 554 20 0 1
0 239 329 -3 1 1
0 252 535 20 0 1
0 253 535 1 0 1
0 255 863 -14 0 1
0 255 863 -8 1 1
0 265 561 20 0 1
0 266 561 55 0 1
0 269 554 15 0 1
0 269 555 13 0 1
0 270 537 12 0 1
0 278 668 47 0 1
0 291 328 18 0 1
0 287 459 -7 1 1
0 308 631 36 0 1
0 309 559 22 0 1
0 310 607 17 0 1
0 311 607 17 0 1
0 316 497 4 0 1
0 335 635 42 0 1
0 328 626 8 1 1
0 328 627 3 1 1
0 338 473 58 0 1
0 339 473 38 0 1
0 340 473 17 0 1
0 335 635 8 1 1
0 381 679 32 0 1
0 381 682 4 0 1
0 382 498 4 0 1
0 382 499 30 0 1
0 383 715 -5 0 1
0 388 486 8 0 1
0 388 487 1 0 1
0 383 715 -8 1 1
0 401 336 40 0 1
0 401 340 1 0 1
0 409 681 2 0 1
0 423 681 -6 0 1
0 429 684 5 0 1
0 423 681 -8 1 1
0 447 787 -40 0 1
0 454 686 1 0 1
0 454 688 5 0 1
0 447 787 -1 1 1
0 459 687 5 0 1
0 584 950 23 0 1
0 586 934 12 0 1
0 587 872 2 0 1
0 589 858 19 0 1
0 584 950 8 1 1
0 593 896 2 0 1
0 609 794 15 0 1
0 609 821 13 0 1
0 611 779 38 0 1
0 613 913 3 0 1
0 615 774 10 0 1
0 615 796 1 0 1
0 615 830 24 0 1
0 615 883 24 0 1
0 617 847 3 0 1
0 619 831 8 0 1
0 621 747 7 0 1
0 622 703 70 0 1
0 622 722 1 0 1
0 623 713 7 0 1
0 623 722 1 0 1
0 623 782 3 0 1
0 623 840 4 0 1
0 623 862 14 0 1
0 615 774 4 1 1
0 615 830 1 1 1
0 615 883 8 1 1
0 625 681 55 0 1
0 625 745 1 0 1
0 627 777 9 0 1
0 627 795 9 0 1
0 627 817 13 0 1
0 629 717 26 0 1
0 629 718 5 0 1
0 629 847 9 0 1
0 629 883 8 0 1
0 631 691 8 0 1
0 631 771 19 0 1
0 631 786 10 0 1
0 631 827 27 0 1
0 631 849 22 0 1
0 623 840 4 1 1
0 633 625 53 0 1
0 633 833 17 0 1
0 635 663 11 0 1
0 636 689 12 0 1
0 637 751 23 0 1
0 637 829 27 0 1
0 638 629 5 0 1
0 638 738 8 0 1
0 639 609 52 0 1
0 639 647 55 0 1
0 639 679 52 0 1
0 639 690 19 0 1
0 639 713 8 0 1
0 639 731 11 0 1
0 639 754 50 0 1
0 639 859 50 0 1
0 631 658 4 1 1
0 631 771 8 1 1
0 640 781 49 0 1
0 642 559 48 0 1
0 642 647 5 0 1
0 643 595 1 0 1
0 643 603 2 0 1
0 643 629 6 0 1
0 643 790 7 0 1
0 644 553 8 0 1
0 644 591 43 0 1
0 645 553 41 0 1
0 645 635 36 0 1
0 645 717 28 0 1
0 645 733 9 0 1
0 645 734 10 0 1
0 647 582 38 0 1
0 647 592 29 0 1
0 647 593 6 0 1
0 647 659 40 0 1
0 647 785 27 0 1
0 647 786 62 0 1
0 639 679 5 1 1
0 639 834 1 1 1
0 640 781 8 1 1
0 648 486 10 0 1
0 648 654 7 0 1
0 650 554 29 0 1
0 650 555 15 0 1
0 650 652 19 0 1
0 650 689 3 0 1
0 651 526 27 0 1
0 652 542 16 0 1
0 654 494 7 0 1
0 654 512 5 0 1
0 654 518 18 0 1
0 654 554 10 0 1
0 654 577 15 0 1
0 654 578 1 0 1
0 654 594 14 0 1
0 654 666 16 0 1
0 654 674 13 0 1
0 654 675 6 0 1
0 654 702 2 0 1
0 654 748 8 0 1
0 655 487 4 0 1
0 655 494 7 0 1
0 655 512 5 0 1
0 655 518 18 0 1
0 655 528 25 0 1
0 655 529 2 0 1
0 655 554 10 0 1
0 655 555 7 0 1
0 655 570 133 0 1
0 655 571 70 0 1
0 655 578 1 0 1
0 655 666 16 0 1
0 655 674 13 0 1
0 655 694 17 0 1
0 655 695 11 0 1
0 655 702 2 0 1
0 655 736 1 0 1
0 655 748 8 0 1
0 647 541 5 1 1
0 647 582 3 1 1
0 648 654 7 1 1
0 656 595 56 0 1
0 657 516 8 0 1
0 657 595 2 0 1
0 657 661 26 0 1
0 659 625 55 0 1
0 659 691 25 0 1
0 661 687 14 0 1
0 661 688 3 0 1
0 663 553 39 0 1
0 663 643 8 0 1
0 655 487 8 1 1
0 655 528 8 1 1
0 655 529 8 1 1
0 655 555 8 1 1
0 655 570 8 1 1
0 655 571 7 1 1
0 655 646 7 1 1
0 655 694 8 1 1
0 655 695 8 1 1
0 655 736 8 1 1
0 664 585 6 0 1
0 666 653 10 0 1
0 667 487 14 0 1
0 667 529 20 0 1
0 668 511 1 0 1
0 669 474 19 0 1
0 670 499 12 0 1
0 671 472 20 0 1
0 671 499 76 0 1
0 671 581 38 0 1
0 663 553 6 1 1
0 663 643 8 1 1
0 664 469 1 1 1
0 664 493 1 1 1
0 664 585 8 1 1
0 672 395 29 0 1
0 672 523 9 0 1
0 676 413 20 0 1
0 678 443 16 0 1
0 679 406 50 0 1
0 679 443 8 0 1
0 679 449 87 0 1
0 679 454 3 0 1
0 679 455 12 0 1
0 679 489 36 0 1
0 679 506 7 0 1
0 679 508 12 0 1
0 671 581 7 1 1
0 672 395 8 1 1
0 672 523 8 1 1
0 680 517 3 0 1
0 683 467 9 0 1
0 685 454 1 0 1
0 687 398 11 0 1
0 679 406 7 1 1
0 679 449 6 1 1
0 679 454 8 1 1
0 679 455 1 1 1
0 690 697 2 0 1
0 687 398 8 1 1
0 687 544 1 1 1
0 698 647 10 0 1
0 703 421 16 0 1
0 696 409 5 1 1
0 708 701 9 0 1
0 712 649 2 0 1
0 719 687 18 0 1
0 719 688 69 0 1
0 217 596 18 0 2
0 217 600 2 0 2
0 223 545 15 0 2
0 229 665 46 0 2
0 255 483 12 0 2
0 255 483 8 1 2
0 255 484 3 1 2
0 302 675 7 0 2
0 329 614 1 0 2
0 381 498 21 0 2
0 382 678 7 0 2
0 416 682 10 0 2
0 416 684 28 0 2
0 431 467 39 0 2
0 454 686 13 0 2
0 479 343 1 0 2
0 479 343 8 1 2
0 593 891 2 0 2
0 599 872 14 0 2
0 603 836 12 0 2
0 605 821 20 0 2
0 607 867 12 0 2
0 608 843 12 0 2
0 609 873 17 0 2
0 613 749 5 0 2
0 613 789 20 0 2
0 614 789 20 0 2
0 615 883 7 0 2
0 615 893 29 0 2
0 608 843 6 1 2
0 618 729 2 0 2
0 618 730 1 0 2
0 618 743 12 0 2
0 619 831 3 0 2
0 620 799 21 0 2
0 621 695 12 0 2
0 621 717 9 0 2
0 621 735 16 0 2
0 623 713 17 0 2
0 623 755 39 0 2
0 623 777 6 0 2
0 623 800 13 0 2
0 615 883 8 1 2
0 625 721 37 0 2
0 627 777 13 0 2
0 629 693 48 0 2
0 629 757 37 0 2
0 631 645 53 0 2
0 631 646 6 0 2
0 631 657 8 0 2
0 631 731 12 0 2
0 631 771 7 0 2
0 631 786 3 0 2
0 631 826 2 0 2
0 631 867 47 0 2
0 631 907 6 0 2
0 634 619 33 0 2
0 634 713 7 0 2
0 635 663 9 0 2
0 635 703 12 0 2
0 635 718 20 0 2
0 635 799 28 0 2
0 635 849 5 0 2
0 636 621 10 0 2
0 637 661 27 0 2
0 637 773 6 0 2
0 638 590 17 0 2
0 638 757 8 0 2
0 639 641 1 0 2
0 639 647 2 0 2
0 639 665 1 0 2
0 639 675 18 0 2
0 639 731 56 0 2
0 639 757 96 0 2
0 639 793 21 0 2
0 631 698 5 1 2
0 631 721 8 1 2
0 631 771 8 1 2
0 631 907 1 1 2
0 640 742 15 0 2
0 641 567 4 0 2
0 641 641 14 0 2
0 643 577 6 0 2
0 643 610 8 0 2
0 643 629 13 0 2
0 643 775 2 0 2
0 645 626 8 0 2
0 645 653 3 0 2
0 645 707 8 0 2
0 645 717 14 0 2
0 646 598 20 0 2
0 647 551 34 0 2
0 647 582 48 0 2
0 647 589 4 0 2
0 647 592 4 0 2
0 647 619 8 0 2
0 647 659 3 0 2
0 647 747 17 0 2
0 639 679 1 1 2
0 648 603 3 0 2
0 649 514 9 0 2
0 649 580 4 0 2
0 652 529 1 0 2
0 653 489 29 0 2
0 653 490 23 0 2
0 653 532 9 0 2
0 655 471 3 0 2
0 655 486 63 0 2
0 655 487 44 0 2
0 655 523 116 0 2
0 655 528 40 0 2
0 655 529 29 0 2
0 655 555 5 0 2
0 655 556 30 0 2
0 655 564 5 0 2
0 655 570 29 0 2
0 655 580 83 0 2
0 655 581 46 0 2
0 655 645 61 0 2
0 655 694 30 0 2
0 655 736 29 0 2
0 647 663 3 1 2
0 647 747 7 1 2
0 656 442 14 0 2
0 656 458 7 0 2
0 656 521 56 0 2
0 656 618 1 0 2
0 656 642 1 0 2
0 656 675 86 0 2
0 656 717 7 0 2
0 658 468 8 0 2
0 658 551 51 0 2
0 658 593 103 0 2
0 658 602 4 0 2
0 658 619 20 0 2
0 659 466 15 0 2
0 659 509 28 0 2
0 659 593 17 0 2
0 660 475 13 0 2
0 660 539 13 0 2
0 660 691 8 0 2
0 661 662 11 0 2
0 662 463 9 0 2
0 662 486 36 0 2
0 662 487 13 0 2
0 662 528 13 0 2
0 662 606 19 0 2
0 662 612 16 0 2
0 662 649 14 0 2
0 662 650 14 0 2
0 662 662 29 0 2
0 662 674 11 0 2
0 662 675 3 0 2
0 662 698 20 0 2
0 663 486 36 0 2
0 663 487 29 0 2
0 663 510 75 0 2
0 663 527 10 0 2
0 663 528 13 0 2
0 663 543 10 0 2
0 663 567 13 0 2
0 663 568 7 0 2
0 663 585 9 0 2
0 663 595 136 0 2
0 663 606 19 0 2
0 663 612 16 0 2
0 663 637 59 0 2
0 663 642 104 0 2
0 663 643 79 0 2
0 663 650 14 0 2
0 663 651 24 0 2
0 663 652 15 0 2
0 663 662 29 0 2
0 663 674 11 0 2
0 663 698 20 0 2
0 655 471 5 1 2
0 655 486 8 1 2
0 655 487 8 1 2
0 655 523 2 1 2
0 655 528 8 1 2
0 655 529 8 1 2
0 655 564 8 1 2
0 655 570 3 1 2
0 655 694 8 1 2
0 655 736 8 1 2
0 655 737 6 1 2
0 656 442 8 1 2
0 656 458 1 1 2
0 656 618 8 1 2
0 664 493 24 0 2
0 664 509 11 0 2
0 664 535 18 0 2
0 664 541 8 0 2
0 665 546 1 0 2
0 666 441 16 0 2
0 666 523 24 0 2
0 666 539 14 0 2
0 667 444 24 0 2
0 667 511 6 0 2
0 668 471 34 0 2
0 668 511 48 0 2
0 668 527 31 0 2
0 668 641 17 0 2
0 669 407 6 0 2
0 669 474 57 0 2
0 669 755 4 0 2
0 669 756 9 0 2
0 670 541 22 0 2
0 671 462 30 0 2
0 671 472 14 0 2
0 671 541 94 0 2
0 671 632 13 0 2
0 671 642 23 0 2
0 663 510 2 1 2
0 663 511 4 1 2
0 663 543 5 1 2
0 663 568 8 1 2
0 663 585 8 1 2
0 663 637 8 1 2
0 663 642 8 1 2
0 663 643 5 1 2
0 663 651 5 1 2
0 663 652 8 1 2
0 673 534 11 0 2
0 676 847 6 0 2
0 677 461 26 0 2
0 677 552 18 0 2
0 677 553 11 0 2
0 677 587 8 0 2
0 679 403 22 0 2
0 679 489 18 0 2
0 679 575 4 0 2
0 679 799 15 0 2
0 671 461 1 1 2
0 671 546 8 1 2
0 671 632 6 1 2
0 671 642 8 1 2
0 671 744 6 1 2
0 680 566 1 0 2
0 682 550 17 0 2
0 687 485 74 0 2
0 687 528 11 0 2
0 687 539 6 0 2
0 679 799 8 1 2
0 687 449 1 1 2
0 687 528 8 1 2
0 696 409 16 0 2
0 698 702 5 0 2
0 700 699 4 0 2
0 702 438 3 0 2
0 703 438 3 0 2
0 711 705 22 0 2
0 714 649 5 0 2
0 198 673 22 0 3
0 211 459 41 0 3
0 217 596 11 0 3
0 229 665 101 0 3
0 231 363 7 0 3
0 235 359 60 0 3
0 231 363 8 1 3
0 285 854 14 0 3
0 290 793 10 0 3
0 305 607 17 0 3
0 368 680 20 0 3
0 374 570 5 0 3
0 375 570 5 0 3
0 417 559 -5 0 3
0 563 626 8 0 3
0 592 901 6 0 3
0 595 971 14 0 3
0 599 923 20 0 3
0 592 901 8 1 3
0 607 817 19 0 3
0 607 882 42 0 3
0 609 821 4 0 3
0 613 771 2 0 3
0 615 755 28 0 3
0 615 767 6 0 3
0 615 809 39 0 3
0 615 839 15 0 3
0 615 869 11 0 3
0 607 817 8 1 3
0 607 882 8 1 3
0 617 819 14 0 3
0 619 719 18 0 3
0 619 733 13 0 3
0 619 771 26 0 3
0 619 791 17 0 3
0 622 886 13 0 3
0 623 777 8 0 3
0 623 795 1 0 3
0 623 800 20 0 3
0 623 862 26 0 3
0 615 839 8 1 3
0 615 869 8 1 3
0 625 667 12 0 3
0 625 689 13 0 3
0 625 707 10 0 3
0 625 753 4 0 3
0 625 761 21 0 3
0 625 793 7 0 3
0 625 805 19 0 3
0 625 845 2 0 3
0 627 857 3 0 3
0 629 639 2 0 3
0 629 846 10 0 3
0 631 689 18 0 3
0 631 722 3 0 3
0 631 725 6 0 3
0 631 771 66 0 3
0 631 786 8 0 3
0 631 889 2 0 3
0 623 830 2 1 3
0 623 869 6 1 3
0 633 778 8 0 3
0 633 831 16 0 3
0 635 629 15 0 3
0 635 693 16 0 3
0 637 701 19 0 3
0 637 773 16 0 3
0 638 757 11 0 3
0 639 680 12 0 3
0 639 715 46 0 3
0 639 725 27 0 3
0 639 757 11 0 3
0 639 835 2 0 3
0 639 853 19 0 3
0 631 689 8 1 3
0 631 725 8 1 3
0 631 803 2 1 3
0 632 630 6 1 3
0 641 673 2 0 3
0 641 745 14 0 3
0 643 623 1 0 3
0 645 583 6 0 3
0 645 653 2 0 3
0 646 758 7 0 3
0 647 526 26 0 3
0 647 545 54 0 3
0 647 551 16 0 3
0 647 583 11 0 3
0 647 589 15 0 3
0 647 619 23 0 3
0 647 633 3 0 3
0 647 659 21 0 3
0 647 663 20 0 3
0 647 715 13 0 3
0 647 747 18 0 3
0 647 758 7 0 3
0 639 715 8 1 3
0 639 797 4 1 3
0 648 533 37 0 3
0 650 547 17 0 3
0 650 554 15 0 3
0 652 529 19 0 3
0 652 535 31 0 3
0 653 590 4 0 3
0 654 517 2 0 3
0 655 523 100 0 3
0 655 574 47 0 3
0 655 645 89 0 3
0 655 844 2 0 3
0 647 526 8 1 3
0 647 663 8 1 3
0 656 457 27 0 3
0 657 619 19 0 3
0 658 487 51 0 3
0 658 551 14 0 3
0 658 607 11 0 3
0 659 433 4 0 3
0 659 517 13 0 3
0 660 649 18 0 3
0 660 691 12 0 3
0 661 539 4 0 3
0 661 547 76 0 3
0 661 589 45 0 3
0 661 631 12 0 3
0 662 547 40 0 3
0 663 426 20 0 3
0 663 468 14 0 3
0 663 478 48 0 3
0 663 479 7 0 3
0 663 547 32 0 3
0 663 595 90 0 3
0 663 637 112 0 3
0 655 844 8 1 3
0 655 845 3 1 3
0 656 457 8 1 3
0 664 386 10 0 3
0 664 430 9 0 3
0 664 594 43 0 3
0 664 642 23 0 3
0 664 663 22 0 3
0 664 753 3 0 3
0 664 754 7 0 3
0 664 755 6 0 3
0 664 830 8 0 3
0 664 831 13 0 3
0 664 832 5 0 3
0 666 502 2 0 3
0 666 572 30 0 3
0 666 609 9 0 3
0 668 565 3 0 3
0 669 462 12 0 3
0 669 526 63 0 3
0 670 462 46 0 3
0 670 466 63 0 3
0 670 467 44 0 3
0 670 478 14 0 3
0 670 558 43 0 3
0 670 628 34 0 3
0 671 462 46 0 3
0 671 466 63 0 3
0 671 467 28 0 3
0 671 557 41 0 3
0 671 558 43 0 3
0 663 468 8 1 3
0 663 637 1 1 3
0 663 642 1 1 3
0 664 386 8 1 3
0 664 430 8 1 3
0 664 594 3 1 3
0 664 628 8 1 3
0 664 642 8 1 3
0 664 753 8 1 3
0 664 754 8 1 3
0 664 755 8 1 3
0 664 756 4 1 3
0 664 829 6 1 3
0 664 830 8 1 3
0 664 831 8 1 3
0 664 832 8 1 3
0 675 436 1 0 3
0 675 847 2 0 3
0 676 797 34 0 3
0 676 847 4 0 3
0 679 499 33 0 3
0 679 551 11 0 3
0 679 798 33 0 3
0 671 556 5 1 3
0 671 573 7 1 3
0 687 435 6 0 3
0 679 499 7 1 3
0 679 849 6 1 3
0 693 415 28 0 3
0 687 435 8 1 3
0 700 647 24 0 3
0 700 699 51 0 3
0 701 433 56 0 3
0 701 699 12 0 3
0 703 420 42 0 3
0 703 703 17 0 3
0 710 701 7 0 3
0 711 701 5 0 3
0 703 703 3 1 3
0 715 701 17 0 3
0 719 653 31 0 3
0 211 696 3 0 4
0 235 359 1 0 4
0 276 672 21 0 4
0 289 332 5 0 4
0 298 669 55 0 4
0 310 562 1 0 4
0 351 603 18 0 4
0 368 680 16 0 4
0 375 548 1 0 4
0 375 549 7 0 4
0 375 550 2 0 4
0 368 680 8 1 4
0 380 679 22 0 4
0 375 547 4 1 4
0 375 548 8 1 4
0 375 549 8 1 4
0 375 550 8 1 4
0 428 685 44 0 4
0 591 936 7 0 4
0 591 937 1 0 4
0 599 877 15 0 4
0 605 820 7 0 4
0 607 813 11 0 4
0 607 817 15 0 4
0 607 849 39 0 4
0 613 742 17 0 4
0 615 769 16 0 4
0 615 791 5 0 4
0 615 893 38 0 4
0 607 813 8 1 4
0 607 817 8 1 4
0 619 745 5 0 4
0 619 763 32 0 4
0 619 791 7 0 4
0 621 695 8 0 4
0 621 715 34 0 4
0 623 715 8 0 4
0 623 744 1 0 4
0 623 755 14 0 4
0 615 869 6 1 4
0 625 707 11 0 4
0 625 747 1 0 4
0 625 753 23 0 4
0 625 813 1 0 4
0 625 853 23 0 4
0 626 673 8 0 4
0 629 661 16 0 4
0 629 693 9 0 4
0 629 701 13 0 4
0 629 837 18 0 4
0 630 641 19 0 4
0 631 657 15 0 4
0 631 685 40 0 4
0 631 725 29 0 4
0 631 729 20 0 4
0 623 744 8 1 4
0 633 623 13 0 4
0 633 651 9 0 4
0 633 663 5 0 4
0 633 819 6 0 4
0 635 599 17 0 4
0 635 843 3 0 4
0 637 663 2 0 4
0 637 750 2 0 4
0 638 650 4 0 4
0 639 602 2 0 4
0 639 603 5 0 4
0 639 715 19 0 4
0 639 725 10 0 4
0 639 756 6 0 4
0 639 797 24 0 4
0 639 828 2 0 4
0 631 725 8 1 4
0 631 729 8 1 4
0 632 761 1 1 4
0 641 714 12 0 4
0 642 602 2 0 4
0 643 605 15 0 4
0 643 687 17 0 4
0 643 759 2 0 4
0 645 653 8 0 4
0 645 789 4 0 4
0 647 526 23 0 4
0 647 535 43 0 4
0 647 589 2 0 4
0 647 622 3 0 4
0 647 633 9 0 4
0 647 663 67 0 4
0 647 672 25 0 4
0 647 741 7 0 4
0 647 779 7 0 4
0 647 795 11 0 4
0 639 673 3 1 4
0 639 715 6 1 4
0 639 756 8 1 4
0 639 797 7 1 4
0 639 801 6 1 4
0 639 828 8 1 4
0 648 781 14 0 4
0 649 571 6 0 4
0 651 505 12 0 4
0 651 509 37 0 4
0 651 583 13 0 4
0 651 635 14 0 4
0 651 737 13 0 4
0 653 609 55 0 4
0 653 706 17 0 4
0 655 475 5 0 4
0 655 479 15 0 4
0 655 481 54 0 4
0 655 613 21 0 4
0 655 689 39 0 4
0 655 747 40 0 4
0 647 622 8 1 4
0 647 663 4 1 4
0 647 802 1 1 4
0 656 493 4 0 4
0 656 515 11 0 4
0 658 475 24 0 4
0 658 517 15 0 4
0 659 685 20 0 4
0 660 523 1 0 4
0 662 605 4 0 4
0 663 563 6 0 4
0 663 595 20 0 4
0 663 605 40 0 4
0 663 627 2 0 4
0 663 637 51 0 4
0 663 647 16 0 4
0 663 653 30 0 4
0 663 679 74 0 4
0 663 695 18 0 4
0 655 479 8 1 4
0 655 689 8 1 4
0 656 493 1 1 4
0 664 577 17 0 4
0 664 663 15 0 4
0 667 538 25 0 4
0 668 507 28 0 4
0 669 568 28 0 4
0 670 585 2 0 4
0 671 470 60 0 4
0 671 471 26 0 4
0 671 495 34 0 4
0 671 540 14 0 4
0 671 623 92 0 4
0 671 738 5 0 4
0 663 627 8 1 4
0 663 642 5 1 4
0 663 679 8 1 4
0 663 684 1 1 4
0 664 642 8 1 4
0 672 431 11 0 4
0 672 502 4 0 4
0 672 581 26 0 4
0 672 611 27 0 4
0 672 701 4 0 4
0 672 702 1 0 4
0 674 599 48 0 4
0 676 557 36 0 4
0 677 393 1 0 4
0 677 470 24 0 4
0 677 471 11 0 4
0 677 479 13 0 4
0 678 393 16 0 4
0 678 410 20 0 4
0 678 411 30 0 4
0 678 479 46 0 4
0 678 554 5 0 4
0 679 393 16 0 4
0 679 399 37 0 4
0 679 410 20 0 4
0 679 411 14 0 4
0 679 479 30 0 4
0 679 485 134 0 4
0 679 490 36 0 4
0 679 491 38 0 4
0 679 544 9 0 4
0 679 545 4 0 4
0 679 554 5 0 4
0 679 576 17 0 4
0 679 577 4 0 4
0 679 686 4 0 4
0 671 540 8 1 4
0 671 738 8 1 4
0 672 431 6 1 4
0 672 502 8 1 4
0 672 700 6 1 4
0 672 701 8 1 4
0 672 702 8 1 4
0 684 485 9 0 4
0 684 747 2 0 4
0 687 478 94 0 4
0 687 491 13 0 4
0 687 519 48 0 4
0 679 399 8 1 4
0 679 490 8 1 4
0 679 491 8 1 4
0 679 544 8 1 4
0 679 561 7 1 4
0 679 576 8 1 4
0 679 577 8 1 4
0 679 685 7 1 4
0 679 686 8 1 4
0 691 467 32 0 4
0 693 459 2 0 4
0 695 435 12 0 4
0 695 479 57 0 4
0 688 799 1 1 4
0 703 420 6 0 4
0 695 435 8 1 4
0 695 479 8 1 4
0 695 753 1 1 4
