0 8 135 1 0 0
0 9 126 60 0 0
0 9 131 53 0 0
0 9 135 2 0 0
0 10 139 86 0 0
0 12 99 24 0 0
0 12 119 105 0 0
0 12 139 29 0 0
0 12 219 111 0 0
0 14 97 -91 0 0
0 14 101 50 0 0
0 14 114 60 0 0
0 14 146 -30 0 0
0 15 46 172 0 0
0 15 97 -123 0 0
0 15 99 88 0 0
0 15 101 50 0 0
0 15 146 -30 0 0
0 16 47 5 0 0
0 17 47 16 0 0
0 18 8 65 0 0
0 18 47 27 0 0
0 18 202 66 0 0
0 20 3 14 0 0
0 21 15 39 0 0
0 21 30 -9 0 0
0 22 29 -22 0 0
0 22 30 -53 0 0
0 22 202 -51 0 0
0 23 6 -186 0 0
0 23 7 -109 0 0
0 23 29 -22 0 0
0 23 30 -53 0 0
0 23 202 -51 0 0
0 15 46 8 1 0
0 30 122 15 0 0
0 30 164 -38 0 0
0 30 165 -18 0 0
0 31 138 -4 0 0
0 31 139 -30 0 0
0 31 164 -38 0 0
0 31 165 -18 0 0
0 23 6 -8 1 0
0 23 7 -8 1 0
0 32 34 -48 0 0
0 34 106 -54 0 0
0 34 107 -41 0 0
0 36 204 5 0 0
0 36 208 19 0 0
0 36 209 14 0 0
0 36 394 2 0 0
0 36 423 9 0 0
0 37 394 2 0 0
0 37 423 9 0 0
0 38 50 -30 0 0
0 38 51 -3 0 0
0 38 214 -34 0 0
0 38 394 2 0 0
0 38 423 9 0 0
0 39 50 -30 0 0
0 39 51 -3 0 0
0 39 214 -34 0 0
0 39 394 2 0 0
0 39 423 9 0 0
0 31 138 -8 1 0
0 31 139 -8 1 0
0 32 34 -8 1 0
0 47 212 15 0 0
0 47 212 8 1 0
0 60 36 4 0 0
0 60 110 74 0 0
0 60 111 25 0 0
0 61 110 74 0 0
0 61 111 25 0 0
0 62 110 74 0 0
0 62 111 25 0 0
0 63 110 74 0 0
0 63 111 25 0 0
0 64 37 2 0 0
0 64 38 8 0 0
0 64 41 2 0 0
0 66 42 7 0 0
0 70 404 24 0 0
0 72 147 10 0 0
0 74 113 8 0 0
0 75 113 17 0 0
0 76 113 26 0 0
0 77 113 26 0 0
0 78 113 26 0 0
0 79 113 26 0 0
0 92 150 10 0 0
0 102 224 21 0 0
0 103 224 21 0 0
0 110 122 35 0 0
0 110 146 -65 0 0
0 110 147 -15 0 0
0 111 146 -65 0 0
0 111 147 -15 0 0
0 113 60 45 0 0
0 117 7 259 0 0
0 118 7 47 0 0
0 118 19 23 0 0
0 118 45 -68 0 0
0 118 46 -70 0 0
0 119 7 47 0 0
0 119 19 23 0 0
0 119 45 -68 0 0
0 119 46 -70 0 0
0 119 216 80 0 0
0 119 217 99 0 0
0 120 246 18 0 0
0 119 216 8 1 0
0 119 217 8 1 0
0 130 14 -11 0 0
0 130 62 2 0 0
0 131 46 108 0 0
0 132 26 9 0 0
0 132 67 63 0 0
0 134 32 25 0 0
0 134 74 -24 0 0
0 135 32 25 0 0
0 135 74 -24 0 0
0 159 231 -115 0 0
0 161 53 23 0 0
0 161 54 64 0 0
0 163 31 29 0 0
0 163 32 32 0 0
0 164 22 12 0 0
0 164 57 18 0 0
0 159 231 -8 1 0
0 172 221 46 0 0
0 172 222 97 0 0
0 172 223 132 0 0
0 172 224 77 0 0
0 172 231 66 0 0
0 174 231 39 0 0
0 174 251 19 0 0
0 175 231 39 0 0
0 175 251 19 0 0
0 202 22 6 0 0
0 208 237 17 0 0
0 210 34 -59 0 0
0 210 59 45 0 0
0 212 73 -12 0 0
0 214 58 96 0 0
0 215 52 -19 0 0
0 216 15 13 0 0
0 215 52 -8 1 0
0 226 60 -32 0 0
0 228 251 64 0 0
0 230 266 -68 0 0
0 231 266 -68 0 0
0 232 45 17 0 0
0 232 225 20 0 0
0 232 226 30 0 0
0 232 227 35 0 0
0 232 45 7 1 0
0 243 227 10 0 0
0 5 22 9 0 1
0 8 139 45 0 1
0 10 209 17 0 1
0 12 134 -1 0 1
0 12 140 11 0 1
0 12 215 107 0 1
0 12 219 14 0 1
0 13 144 -12 0 1
0 13 215 6 0 1
0 14 49 24 0 1
0 14 91 -10 0 1
0 15 49 24 0 1
0 15 91 -10 0 1
0 15 100 20 0 1
0 15 101 31 0 1
0 15 111 -66 0 1
0 16 19 34 0 1
0 16 27 31 0 1
0 16 208 29 0 1
0 18 12 31 0 1
0 18 202 212 0 1
0 23 9 -13 0 1
0 23 10 -81 0 1
0 15 36 5 1 1
0 30 217 31 0 1
0 30 227 103 0 1
0 30 235 11 0 1
0 31 91 121 0 1
0 31 129 -185 0 1
0 31 227 103 0 1
0 31 235 11 0 1
0 23 9 -8 1 1
0 23 10 -8 1 1
0 32 90 3 0 1
0 33 40 18 0 1
0 34 10 4 0 1
0 36 55 52 0 1
0 37 22 -2 0 1
0 38 22 -50 0 1
0 31 129 -8 1 1
0 32 90 8 1 1
0 47 212 34 0 1
0 51 209 21 0 1
0 51 210 34 0 1
0 55 205 67 0 1
0 47 212 8 1 1
0 57 126 4 0 1
0 57 127 31 0 1
0 57 128 30 0 1
0 66 42 15 0 1
0 66 43 57 0 1
0 66 44 17 0 1
0 68 235 1 0 1
0 74 25 3 0 1
0 103 243 96 0 1
0 104 135 19 0 1
0 104 227 58 0 1
0 108 107 110 0 1
0 108 111 66 0 1
0 109 121 29 0 1
0 111 54 84 0 1
0 111 103 224 0 1
0 104 227 6 1 1
0 112 41 22 0 1
0 118 9 31 0 1
0 119 3 79 0 1
0 119 9 31 0 1
0 119 216 53 0 1
0 119 217 76 0 1
0 119 218 2 0 1
0 111 54 8 1 1
0 125 121 32 0 1
0 127 137 -17 0 1
0 119 3 8 1 1
0 128 105 85 0 1
0 130 55 78 0 1
0 131 72 32 0 1
0 132 39 6 0 1
0 133 39 22 0 1
0 133 71 -92 0 1
0 134 39 38 0 1
0 135 45 -66 0 1
0 128 105 8 1 1
0 135 45 -5 1 1
0 161 49 21 0 1
0 161 50 19 0 1
0 163 26 12 0 1
0 163 27 42 0 1
0 163 28 44 0 1
0 164 18 16 0 1
0 170 279 31 0 1
0 171 217 81 0 1
0 171 218 58 0 1
0 171 219 9 0 1
0 172 231 76 0 1
0 174 231 155 0 1
0 175 231 11 0 1
0 176 19 68 0 1
0 177 19 34 0 1
0 178 19 1 0 1
0 190 59 3 0 1
0 191 59 3 0 1
0 200 22 15 0 1
0 200 31 6 0 1
0 200 32 17 0 1
0 200 33 19 0 1
0 200 34 15 0 1
0 200 35 7 0 1
0 207 224 37 0 1
0 200 31 8 1 1
0 200 32 8 1 1
0 200 33 8 1 1
0 200 34 8 1 1
0 200 35 8 1 1
0 200 36 2 1 1
0 210 51 -9 0 1
0 210 54 90 0 1
0 211 54 47 0 1
0 212 29 53 0 1
0 212 48 39 0 1
0 212 54 4 0 1
0 212 61 51 0 1
0 214 226 14 0 1
0 215 19 17 0 1
0 207 224 8 1 1
0 224 225 28 0 1
0 228 67 54 0 1
0 229 46 86 0 1
0 232 29 15 0 1
0 236 13 99 0 1
0 236 15 -8 0 1
0 232 47 5 1 1
0 8 138 9 0 2
0 8 149 12 0 2
0 10 94 26 0 2
0 10 107 22 0 2
0 10 209 91 0 2
0 12 215 68 0 2
0 12 219 147 0 2
0 13 215 22 0 2
0 14 46 3 0 2
0 14 111 -35 0 2
0 14 117 -4 0 2
0 14 154 -24 0 2
0 15 46 3 0 2
0 15 49 96 0 2
0 15 154 -24 0 2
0 15 208 51 0 2
0 16 18 25 0 2
0 16 51 90 0 2
0 16 208 111 0 2
0 17 202 32 0 2
0 18 34 -38 0 2
0 18 202 159 0 2
0 19 0 71 0 2
0 23 4 -31 0 2
0 23 5 -27 0 2
0 15 208 8 1 2
0 16 208 8 1 2
0 29 101 77 0 2
0 29 102 26 0 2
0 30 97 -2 0 2
0 30 203 28 0 2
0 30 227 62 0 2
0 31 97 -2 0 2
0 31 203 28 0 2
0 23 4 -8 1 2
0 23 5 -8 1 2
0 33 24 115 0 2
0 33 40 49 0 2
0 36 23 -7 0 2
0 38 2 2 0 2
0 39 2 2 0 2
0 39 3 9 0 2
0 39 7 -44 0 2
0 39 7 -8 1 2
0 50 204 9 0 2
0 50 212 13 0 2
0 55 205 82 0 2
0 57 121 6 0 2
0 57 122 9 0 2
0 62 147 24 0 2
0 63 147 24 0 2
0 66 44 70 0 2
0 74 24 4 0 2
0 74 25 9 0 2
0 76 148 3 0 2
0 77 148 3 0 2
0 78 148 3 0 2
0 79 148 3 0 2
0 93 134 6 0 2
0 93 135 1 0 2
0 103 149 45 0 2
0 105 239 -12 0 2
0 107 123 23 0 2
0 103 149 8 1 2
0 112 35 18 0 2
0 112 57 134 0 2
0 118 217 14 0 2
0 118 218 6 0 2
0 119 218 6 0 2
0 124 157 91 0 2
0 127 114 58 0 2
0 127 137 -23 0 2
0 128 105 12 0 2
0 131 69 26 0 2
0 134 9 43 0 2
0 134 31 27 0 2
0 171 216 45 0 2
0 171 217 17 0 2
0 182 19 62 0 2
0 183 19 62 0 2
0 208 223 42 0 2
0 213 57 28 0 2
0 227 39 -13 0 2
0 230 37 -11 0 2
0 230 38 -1 0 2
0 231 38 -1 0 2
0 231 226 18 0 2
0 231 226 8 1 2
0 244 226 15 0 2
0 247 239 14 0 2
0 247 239 8 1 2
0 3 38 18 0 3
0 3 39 8 0 3
0 8 135 53 0 3
0 8 149 1 0 3
0 10 107 79 0 3
0 10 111 8 0 3
0 11 107 22 0 3
0 12 105 21 0 3
0 12 215 10 0 3
0 12 219 98 0 3
0 14 217 121 0 3
0 15 26 138 0 3
0 15 49 24 0 3
0 15 208 159 0 3
0 8 149 8 1 3
0 16 208 47 0 3
0 18 19 105 0 3
0 18 202 31 0 3
0 15 208 8 1 3
0 16 208 8 1 3
0 24 102 -16 0 3
0 24 160 41 0 3
0 25 143 167 0 3
0 26 122 199 0 3
0 26 147 44 0 3
0 26 159 122 0 3
0 27 122 65 0 3
0 27 210 73 0 3
0 28 101 6 0 3
0 29 101 247 0 3
0 31 101 168 0 3
0 31 121 -22 0 3
0 31 122 -39 0 3
0 31 219 164 0 3
0 24 102 -8 1 3
0 32 29 27 0 3
0 32 91 -5 0 3
0 34 32 28 0 3
0 34 205 50 0 3
0 34 208 39 0 3
0 34 211 31 0 3
0 34 399 3 0 3
0 34 400 3 0 3
0 38 54 -59 0 3
0 39 54 -59 0 3
0 31 121 -8 1 3
0 31 122 -8 1 3
0 50 205 43 0 3
0 50 206 4 0 3
0 55 145 26 0 3
0 57 117 23 0 3
0 57 118 34 0 3
0 58 109 44 0 3
0 59 35 11 0 3
0 59 36 61 0 3
0 55 144 3 1 3
0 55 145 8 1 3
0 66 43 6 0 3
0 66 44 77 0 3
0 80 111 31 0 3
0 100 251 13 0 3
0 103 144 31 0 3
0 103 240 5 0 3
0 105 126 7 0 3
0 106 111 20 0 3
0 108 127 52 0 3
0 109 122 45 0 3
0 111 100 -33 0 3
0 103 144 8 1 3
0 119 245 56 0 3
0 124 103 6 0 3
0 124 125 97 0 3
0 127 139 -76 0 3
0 119 245 7 1 3
0 128 70 44 0 3
0 135 17 76 0 3
0 127 139 -2 1 3
0 135 17 8 1 3
0 153 220 1 0 3
0 171 220 35 0 3
0 171 221 9 0 3
0 171 223 37 0 3
0 171 224 20 0 3
0 175 233 16 0 3
0 182 19 40 0 3
0 183 19 40 0 3
0 184 19 34 0 3
0 184 19 4 1 3
0 196 59 17 0 3
0 205 226 11 0 3
0 212 221 4 0 3
0 213 225 35 0 3
0 213 226 18 0 3
0 214 35 71 0 3
0 215 55 -44 0 3
0 208 223 1 1 3
0 215 55 -8 1 3
0 247 239 73 0 3
0 247 239 8 1 3
0 5 4 22 0 4
0 5 5 16 0 4
0 10 135 39 0 4
0 10 145 12 0 4
0 12 107 76 0 4
0 14 31 48 0 4
0 14 217 104 0 4
0 15 26 3 0 4
0 15 105 -19 0 4
0 15 106 -15 0 4
0 16 202 42 0 4
0 15 105 -8 1 4
0 16 208 2 1 4
0 24 160 66 0 4
0 26 129 47 0 4
0 28 101 55 0 4
0 28 122 92 0 4
0 31 95 27 0 4
0 32 57 214 0 4
0 34 14 -100 0 4
0 34 43 -115 0 4
0 34 399 8 0 4
0 34 400 9 0 4
0 50 211 20 0 4
0 52 212 4 0 4
0 55 141 34 0 4
0 55 142 60 0 4
0 58 109 33 0 4
0 55 141 8 1 4
0 55 142 8 1 4
0 65 221 32 0 4
0 80 111 26 0 4
0 81 111 14 0 4
0 93 126 9 0 4
0 119 245 17 0 4
0 120 157 159 0 4
0 121 137 7 0 4
0 124 103 38 0 4
0 124 125 22 0 4
0 125 155 -2 0 4
0 119 245 8 1 4
0 133 9 37 0 4
0 135 35 -5 1 4
0 152 220 17 0 4
0 184 19 10 0 4
0 185 19 7 0 4
0 186 19 5 0 4
0 197 58 13 0 4
0 208 62 36 0 4
0 212 53 34 0 4
0 213 222 41 0 4
0 213 223 16 0 4
0 214 14 12 0 4
0 215 14 12 0 4
0 229 71 15 0 4
