EPLAN 0 0 modes=0 pc=0 pp=-1 pb=-1 selon=0 prof=0 Q=9 ns=12 k=0 shifts=2,6,6,6,7,7,8,9,9,10,2,6,6,6,7,7,8,9,9,10,2,6,6,6,7,7,8,9,9,10 nz=28,13,13,15,20,18,5,16,0,0,14,3,3,5,2,2,0,0,0,0,13,0,1,5,1,1,0,0,0,0 sel=00000000000000000000000000000000000000000000000000000000000000000000000000000000000000000000000000000000000000000000000000000000000000000000000000000000000000000000000000000000000000000000000000000000000000000000000000000000000000000000000000000000000000000000000000000000000000000000000000000000000000000000000000000000000000000000000000000000000000000000000000000000000000000000000000000000000000000000000000000000000000000000000000000000000000000000000000000000000000000000000000000000000000000000000000000000 hash=1842536610
EPLAN 0 1 modes=0 pc=0 pp=-1 pb=-1 selon=0 prof=0 Q=10 ns=21 k=0 shifts=2,7,7,7,8,8,9,9,9,10,2,7,7,7,8,8,9,9,9,10,2,7,7,7,8,8,9,9,9,10 nz=28,10,12,16,25,22,20,19,29,0,14,0,0,0,0,0,0,0,0,0,13,0,0,1,0,0,0,0,0,0 sel=00000000000000000000000000000000000000000000000000000000000000000000000000000000000000000000000000000000000000000000000000000000000000000000000000000000000000000000000000000000000000000000000000000000000000000000000000000000000000000000000000000000000000000000000000000000000000000000000000000000000000000000000000000000000000000000000000000000000000000000000000000000000000000000000000000000000000000000000000000000000000000000000000000000000000000000000000000000000000000000000000000000000000000000000000000000 hash=2584958889
EPLAN 0 2 modes=0 pc=0 pp=-1 pb=-1 selon=0 prof=0 Q=10 ns=22 k=0 shifts=2,7,7,6,8,8,9,9,9,10,2,7,7,7,8,8,9,9,9,10,2,7,7,7,8,8,9,9,9,10 nz=28,7,17,35,31,31,16,11,16,0,14,0,0,0,1,0,0,0,0,0,14,0,0,1,1,0,0,0,0,0 sel=00000000000000000000000000000000000000000000000000000000000000000000000000000000000000000000000000000000000000000000000000000000000000000000000000000000000000000000000000000000000000000000000000000000000000000000000000000000000000000000000000000000000000000000000000000000000000000000000000000000000000000000000000000000000000000000000000000000000000000000000000000000000000000000000000000000000000000000000000000000000000000000000000000000000000000000000000000000000000000000000000000000000000000000000000000000 hash=3490845348
EPLAN 0 3 modes=0 pc=0 pp=-1 pb=-1 selon=0 prof=0 Q=10 ns=13 k=0 shifts=2,7,7,7,8,8,9,9,10,11,2,7,7,7,8,8,9,10,10,11,2,7,7,7,8,8,9,10,10,11 nz=28,11,16,20,41,20,8,12,0,0,14,1,0,1,0,0,0,0,0,0,14,1,1,1,1,0,0,0,0,0 sel=00000000000000000000000000000000000000000000000000000000000000000000000000000000000000000000000000000000000000000000000000000000000000000000000000000000000000000000000000000000000000000000000000000000000000000000000000000000000000000000000000000000000000000000000000000000000000000000000000000000000000000000000000000000000000000000000000000000000000000000000000000000000000000000000000000000000000000000000000000000000000000000000000000000000000000000000000000000000000000000000000000000000000000000000000000000 hash=4060988641
EPLAN 0 4 modes=0 pc=0 pp=-1 pb=-1 selon=0 prof=0 Q=10 ns=12 k=0 shifts=2,7,7,7,8,8,9,10,10,11,2,7,7,7,8,8,9,10,10,11,2,7,7,7,8,8,9,10,10,11 nz=28,11,22,36,39,33,16,0,0,0,14,2,3,2,0,0,0,0,0,0,14,3,3,4,1,0,0,0,0,0 sel=00000000000000000000000000000000000000000000000000000000000000000000000000000000000000000000000000000000000000000000000000000000000000000000000000000000000000000000000000000000000000000000000000000000000000000000000000000000000000000000000000000000000000000000000000000000000000000000000000000000000000000000000000000000000000000000000000000000000000000000000000000000000000000000000000000000000000000000000000000000000000000000000000000000000000000000000000000000000000000000000000000000000000000000000000000000 hash=3576941890
EPLAN 0 5 modes=0 pc=0 pp=-1 pb=-1 selon=0 prof=0 Q=8 ns=2 k=0 shifts=2,5,5,5,6,7,8,8,8,9,2,5,5,6,7,7,8,8,8,9,2,5,5,6,7,7,8,8,8,9 nz=28,12,19,31,14,16,4,12,2,0,14,4,6,9,0,1,0,0,0,0,13,5,6,8,1,0,0,0,0,0 sel=00000000000000000000000000000000000000000000000000000000000000000000000000000000000000000000000000000000000000000000000000000000000000000000000000000000000000000000000000000000000000000000000000000000000000000000000000000000000000000000000000000000000000000000000000000000000000000000000000000000000000000000000000000000000000000000000000000000000000000000000000000000000000000000000000000000000000000000000000000000000000000000000000000000000000000000000000000000000000000000000000000000000000000000000000000000 hash=926478037
EPLAN 0 6 modes=0 pc=0 pp=-1 pb=-1 selon=0 prof=0 Q=9 ns=3 k=0 shifts=2,6,6,6,7,7,9,9,9,10,2,6,6,7,8,8,9,9,9,10,2,6,6,7,8,8,9,9,9,10 nz=28,11,20,19,18,32,10,5,4,0,13,5,5,4,0,0,0,0,0,0,13,5,5,3,0,0,0,0,0,0 sel=00000000000000000000000000000000000000000000000000000000000000000000000000000000000000000000000000000000000000000000000000000000000000000000000000000000000000000000000000000000000000000000000000000000000000000000000000000000000000000000000000000000000000000000000000000000000000000000000000000000000000000000000000000000000000000000000000000000000000000000000000000000000000000000000000000000000000000000000000000000000000000000000000000000000000000000000000000000000000000000000000000000000000000000000000000000 hash=2180333103
EPLAN 0 7 modes=0 pc=0 pp=-1 pb=-1 selon=0 prof=0 Q=9 ns=2 k=0 shifts=2,6,6,6,7,8,9,9,9,10,2,6,6,7,8,8,9,9,9,10,2,6,6,7,8,8,9,9,9,10 nz=28,19,22,24,23,12,0,1,0,0,14,4,7,4,0,0,0,0,0,0,13,5,8,3,0,0,0,0,0,0 sel=00000000000000000000000000000000000000000000000000000000000000000000000000000000000000000000000000000000000000000000000000000000000000000000000000000000000000000000000000000000000000000000000000000000000000000000000000000000000000000000000000000000000000000000000000000000000000000000000000000000000000000000000000000000000000000000000000000000000000000000000000000000000000000000000000000000000000000000000000000000000000000000000000000000000000000000000000000000000000000000000000000000000000000000000000000000 hash=3679980724
EPLAN 0 8 modes=0 pc=0 pp=-1 pb=-1 selon=0 prof=0 Q=10 ns=13 k=0 shifts=2,7,7,7,8,8,9,9,10,11,2,7,7,7,8,8,9,10,10,11,2,7,7,7,8,8,9,10,10,11 nz=28,16,23,28,18,18,1,9,0,0,14,4,6,5,2,1,0,0,0,0,13,3,5,3,0,0,0,0,0,0 sel=00000000000000000000000000000000000000000000000000000000000000000000000000000000000000000000000000000000000000000000000000000000000000000000000000000000000000000000000000000000000000000000000000000000000000000000000000000000000000000000000000000000000000000000000000000000000000000000000000000000000000000000000000000000000000000000000000000000000000000000000000000000000000000000000000000000000000000000000000000000000000000000000000000000000000000000000000000000000000000000000000000000000000000000000000000000 hash=440816871
EPLAN 0 9 modes=0 pc=0 pp=-1 pb=-1 selon=0 prof=0 Q=9 ns=2 k=0 shifts=2,6,6,6,7,8,9,9,9,10,2,6,6,7,8,8,9,9,9,10,2,6,6,7,8,8,9,9,9,10 nz=28,18,28,29,20,10,2,4,0,0,14,4,10,3,0,0,0,0,0,0,14,4,6,1,0,0,0,0,0,0 sel=00000000000000000000000000000000000000000000000000000000000000000000000000000000000000000000000000000000000000000000000000000000000000000000000000000000000000000000000000000000000000000000000000000000000000000000000000000000000000000000000000000000000000000000000000000000000000000000000000000000000000000000000000000000000000000000000000000000000000000000000000000000000000000000000000000000000000000000000000000000000000000000000000000000000000000000000000000000000000000000000000000000000000000000000000000000 hash=2182984574
EPLAN 0 10 modes=0 pc=0 pp=-1 pb=-1 selon=0 prof=0 Q=9 ns=1 k=0 shifts=2,6,6,6,8,8,9,9,9,10,2,6,6,7,8,8,9,9,9,10,2,6,6,7,8,8,9,9,9,10 nz=28,17,26,40,22,21,2,6,0,0,14,5,10,4,0,0,0,0,0,0,14,4,5,3,0,0,0,0,0,0 sel=00000000000000000000000000000000000000000000000000000000000000000000000000000000000000000000000000000000000000000000000000000000000000000000000000000000000000000000000000000000000000000000000000000000000000000000000000000000000000000000000000000000000000000000000000000000000000000000000000000000000000000000000000000000000000000000000000000000000000000000000000000000000000000000000000000000000000000000000000000000000000000000000000000000000000000000000000000000000000000000000000000000000000000000000000000000 hash=3339956135
EPLAN 0 11 modes=0 pc=0 pp=-1 pb=-1 selon=0 prof=0 Q=9 ns=2 k=0 shifts=2,6,6,6,7,8,9,9,9,10,2,6,6,7,8,8,9,9,9,10,2,6,6,7,8,8,9,9,9,10 nz=28,18,26,35,16,8,1,9,0,0,14,8,8,6,0,0,0,0,0,0,14,5,3,2,0,0,0,0,0,0 sel=00000000000000000000000000000000000000000000000000000000000000000000000000000000000000000000000000000000000000000000000000000000000000000000000000000000000000000000000000000000000000000000000000000000000000000000000000000000000000000000000000000000000000000000000000000000000000000000000000000000000000000000000000000000000000000000000000000000000000000000000000000000000000000000000000000000000000000000000000000000000000000000000000000000000000000000000000000000000000000000000000000000000000000000000000000000 hash=2024925131
EPLAN 0 12 modes=0 pc=0 pp=-1 pb=-1 selon=0 prof=0 Q=10 ns=21 k=0 shifts=2,7,7,7,8,8,9,9,9,10,2,7,7,7,8,8,9,9,9,10,2,7,7,7,8,8,9,9,9,10 nz=27,17,22,27,38,12,15,10,1,0,14,2,1,5,0,0,0,0,0,0,14,2,1,2,0,0,0,0,0,0 sel=00000000000000000000000000000000000000000000000000000000000000000000000000000000000000000000000000000000000000000000000000000000000000000000000000000000000000000000000000000000000000000000000000000000000000000000000000000000000000000000000000000000000000000000000000000000000000000000000000000000000000000000000000000000000000000000000000000000000000000000000000000000000000000000000000000000000000000000000000000000000000000000000000000000000000000000000000000000000000000000000000000000000000000000000000000000 hash=763252040
EPLAN 0 13 modes=0 pc=0 pp=-1 pb=-1 selon=0 prof=0 Q=10 ns=13 k=0 shifts=2,7,7,7,8,8,9,9,10,11,2,7,7,7,8,8,9,10,10,11,2,7,7,7,8,8,9,10,10,11 nz=28,15,15,23,38,26,10,16,0,0,14,0,3,1,1,0,0,0,0,0,13,1,4,2,1,0,0,0,0,0 sel=00000000000000000000000000000000000000000000000000000000000000000000000000000000000000000000000000000000000000000000000000000000000000000000000000000000000000000000000000000000000000000000000000000000000000000000000000000000000000000000000000000000000000000000000000000000000000000000000000000000000000000000000000000000000000000000000000000000000000000000000000000000000000000000000000000000000000000000000000000000000000000000000000000000000000000000000000000000000000000000000000000000000000000000000000000000 hash=1366828991
EPLAN 0 14 modes=0 pc=0 pp=-1 pb=-1 selon=0 prof=0 Q=9 ns=0 k=0 shifts=2,6,6,7,8,8,9,9,9,10,2,6,6,7,8,8,9,9,9,10,2,6,6,7,8,8,9,9,9,10 nz=28,13,26,19,27,20,11,23,17,0,14,0,2,0,0,0,0,0,0,0,14,0,3,1,0,0,0,0,0,0 sel=00000000000000000000000000000000000000000000000000000000000000000000000000000000000000000000000000000000000000000000000000000000000000000000000000000000000000000000000000000000000000000000000000000000000000000000000000000000000000000000000000000000000000000000000000000000000000000000000000000000000000000000000000000000000000000000000000000000000000000000000000000000000000000000000000000000000000000000000000000000000000000000000000000000000000000000000000000000000000000000000000000000000000000000000000000000 hash=1861495583
EPLAN 0 15 modes=0 pc=0 pp=-1 pb=-1 selon=0 prof=0 Q=10 ns=13 k=0 shifts=2,7,7,7,8,8,9,9,10,11,2,7,7,7,8,8,9,10,10,11,2,7,7,7,8,8,9,10,10,11 nz=28,10,15,20,37,31,16,9,0,0,14,0,0,0,0,0,0,0,0,0,13,0,0,0,0,1,0,0,0,0 sel=00000000000000000000000000000000000000000000000000000000000000000000000000000000000000000000000000000000000000000000000000000000000000000000000000000000000000000000000000000000000000000000000000000000000000000000000000000000000000000000000000000000000000000000000000000000000000000000000000000000000000000000000000000000000000000000000000000000000000000000000000000000000000000000000000000000000000000000000000000000000000000000000000000000000000000000000000000000000000000000000000000000000000000000000000000000 hash=3564395791
EPLAN 0 16 modes=0 pc=0 pp=-1 pb=-1 selon=0 prof=0 Q=9 ns=2 k=0 shifts=2,6,6,6,7,8,9,9,9,10,2,6,6,7,8,8,9,9,9,10,2,6,6,7,8,8,9,9,9,10 nz=28,14,18,29,36,20,9,7,15,0,14,1,0,0,0,0,0,0,0,0,12,0,1,2,0,0,0,0,0,0 sel=00000000000000000000000000000000000000000000000000000000000000000000000000000000000000000000000000000000000000000000000000000000000000000000000000000000000000000000000000000000000000000000000000000000000000000000000000000000000000000000000000000000000000000000000000000000000000000000000000000000000000000000000000000000000000000000000000000000000000000000000000000000000000000000000000000000000000000000000000000000000000000000000000000000000000000000000000000000000000000000000000000000000000000000000000000000 hash=4022079310
EPLAN 0 17 modes=0 pc=0 pp=-1 pb=-1 selon=0 prof=0 Q=9 ns=18 k=0 shifts=2,6,6,6,7,7,8,8,8,10,2,6,6,6,7,7,8,8,8,10,2,6,6,6,7,7,8,8,8,10 nz=28,8,15,22,15,23,16,21,20,0,14,1,1,2,0,0,0,0,0,0,13,0,1,2,0,0,0,0,0,0 sel=00000000000000000000000000000000000000000000000000000000000000000000000000000000000000000000000000000000000000000000000000000000000000000000000000000000000000000000000000000000000000000000000000000000000000000000000000000000000000000000000000000000000000000000000000000000000000000000000000000000000000000000000000000000000000000000000000000000000000000000000000000000000000000000000000000000000000000000000000000000000000000000000000000000000000000000000000000000000000000000000000000000000000000000000000000000 hash=4228407860
EPLAN 0 18 modes=0 pc=0 pp=-1 pb=-1 selon=0 prof=0 Q=8 ns=12 k=0 shifts=2,5,5,5,6,6,7,8,8,9,2,5,5,5,6,6,7,8,8,9,2,5,5,5,6,6,7,8,8,9 nz=28,8,11,15,14,23,5,10,3,0,14,3,1,9,5,11,1,0,0,0,13,3,1,9,6,6,2,0,0,0 sel=00000000000000000000000000000000000000000000000000000000000000000000000000000000000000000000000000000000000000000000000000000000000000000000000000000000000000000000000000000000000000000000000000000000000000000000000000000000000000000000000000000000000000000000000000000000000000000000000000000000000000000000000000000000000000000000000000000000000000000000000000000000000000000000000000000000000000000000000000000000000000000000000000000000000000000000000000000000000000000000000000000000000000000000000000000000 hash=2713551098
EPLAN 0 19 modes=0 pc=0 pp=-1 pb=-1 selon=0 prof=0 Q=9 ns=12 k=0 shifts=2,6,6,6,7,7,8,9,9,10,2,6,6,6,7,7,8,9,9,10,2,6,6,6,7,7,8,9,9,10 nz=28,6,11,22,27,32,19,9,8,0,14,0,0,6,0,0,0,0,0,0,13,0,0,2,0,0,0,0,0,0 sel=00000000000000000000000000000000000000000000000000000000000000000000000000000000000000000000000000000000000000000000000000000000000000000000000000000000000000000000000000000000000000000000000000000000000000000000000000000000000000000000000000000000000000000000000000000000000000000000000000000000000000000000000000000000000000000000000000000000000000000000000000000000000000000000000000000000000000000000000000000000000000000000000000000000000000000000000000000000000000000000000000000000000000000000000000000000 hash=1638284633
EPLAN 0 20 modes=0 pc=0 pp=-1 pb=-1 selon=0 prof=0 Q=8 ns=2 k=0 shifts=2,5,5,5,6,7,8,8,8,9,2,5,5,6,7,7,8,8,8,9,2,5,5,6,7,7,8,8,8,9 nz=28,10,16,27,27,14,3,24,11,0,13,7,2,2,0,0,0,0,0,0,12,2,3,3,0,0,0,0,0,0 sel=00000000000000000000000000000000000000000000000000000000000000000000000000000000000000000000000000000000000000000000000000000000000000000000000000000000000000000000000000000000000000000000000000000000000000000000000000000000000000000000000000000000000000000000000000000000000000000000000000000000000000000000000000000000000000000000000000000000000000000000000000000000000000000000000000000000000000000000000000000000000000000000000000000000000000000000000000000000000000000000000000000000000000000000000000000000 hash=4225772939
EPLAN 0 21 modes=0 pc=0 pp=-1 pb=-1 selon=0 prof=0 Q=9 ns=0 k=0 shifts=2,6,6,7,8,8,9,9,9,10,2,6,6,7,8,8,9,9,9,10,2,6,6,7,8,8,9,9,9,10 nz=28,13,18,17,22,14,11,10,9,0,14,2,3,0,0,0,0,0,0,0,14,1,1,0,0,0,0,0,0,0 sel=00000000000000000000000000000000000000000000000000000000000000000000000000000000000000000000000000000000000000000000000000000000000000000000000000000000000000000000000000000000000000000000000000000000000000000000000000000000000000000000000000000000000000000000000000000000000000000000000000000000000000000000000000000000000000000000000000000000000000000000000000000000000000000000000000000000000000000000000000000000000000000000000000000000000000000000000000000000000000000000000000000000000000000000000000000000 hash=3121054422
EPLAN 0 22 modes=0 pc=0 pp=-1 pb=-1 selon=0 prof=0 Q=9 ns=22 k=0 shifts=2,6,6,5,7,7,8,8,8,9,2,6,6,6,7,7,8,8,8,9,2,6,6,6,7,7,8,8,8,9 nz=28,10,15,29,12,22,8,6,16,0,14,3,1,2,0,0,0,0,1,0,13,0,3,3,0,0,0,0,0,0 sel=00000000000000000000000000000000000000000000000000000000000000000000000000000000000000000000000000000000000000000000000000000000000000000000000000000000000000000000000000000000000000000000000000000000000000000000000000000000000000000000000000000000000000000000000000000000000000000000000000000000000000000000000000000000000000000000000000000000000000000000000000000000000000000000000000000000000000000000000000000000000000000000000000000000000000000000000000000000000000000000000000000000000000000000000000000000 hash=97418421
EPLAN 0 23 modes=0 pc=0 pp=-1 pb=-1 selon=0 prof=0 Q=8 ns=8 k=0 shifts=2,5,5,5,6,6,8,8,8,9,2,5,5,5,6,6,8,8,8,9,2,5,5,5,6,7,8,8,8,9 nz=28,13,15,23,9,22,1,5,4,0,14,8,2,5,1,12,0,0,0,0,14,3,1,7,2,0,0,0,0,0 sel=00000000000000000000000000000000000000000000000000000000000000000000000000000000000000000000000000000000000000000000000000000000000000000000000000000000000000000000000000000000000000000000000000000000000000000000000000000000000000000000000000000000000000000000000000000000000000000000000000000000000000000000000000000000000000000000000000000000000000000000000000000000000000000000000000000000000000000000000000000000000000000000000000000000000000000000000000000000000000000000000000000000000000000000000000000000 hash=1549043121
EPLAN 0 24 modes=0 pc=0 pp=-1 pb=-1 selon=0 prof=0 Q=8 ns=1 k=0 shifts=2,5,5,5,7,7,8,8,8,9,2,5,5,6,7,7,8,8,8,9,2,5,5,6,7,7,8,8,8,9 nz=28,16,21,31,10,15,9,3,13,0,14,8,5,6,0,3,0,0,0,0,12,3,1,1,0,0,0,0,0,0 sel=00000000000000000000000000000000000000000000000000000000000000000000000000000000000000000000000000000000000000000000000000000000000000000000000000000000000000000000000000000000000000000000000000000000000000000000000000000000000000000000000000000000000000000000000000000000000000000000000000000000000000000000000000000000000000000000000000000000000000000000000000000000000000000000000000000000000000000000000000000000000000000000000000000000000000000000000000000000000000000000000000000000000000000000000000000000 hash=4007108164
EPLAN 0 25 modes=0 pc=0 pp=-1 pb=-1 selon=0 prof=0 Q=9 ns=12 k=0 shifts=2,6,6,6,7,7,8,9,9,10,2,6,6,6,7,7,8,9,9,10,2,6,6,6,7,7,8,9,9,10 nz=28,7,14,15,45,15,10,7,2,0,14,2,3,7,4,1,0,0,0,0,13,0,1,1,0,0,0,0,0,0 sel=00000000000000000000000000000000000000000000000000000000000000000000000000000000000000000000000000000000000000000000000000000000000000000000000000000000000000000000000000000000000000000000000000000000000000000000000000000000000000000000000000000000000000000000000000000000000000000000000000000000000000000000000000000000000000000000000000000000000000000000000000000000000000000000000000000000000000000000000000000000000000000000000000000000000000000000000000000000000000000000000000000000000000000000000000000000 hash=1290027132
EPLAN 0 26 modes=0 pc=0 pp=-1 pb=-1 selon=0 prof=0 Q=10 ns=22 k=0 shifts=2,7,7,6,8,8,9,9,9,10,2,7,7,7,8,8,9,9,9,10,2,7,7,7,8,8,9,9,9,10 nz=28,9,10,21,27,24,13,9,13,0,14,0,1,0,1,0,0,0,0,0,14,3,3,3,3,0,0,0,0,0 sel=00000000000000000000000000000000000000000000000000000000000000000000000000000000000000000000000000000000000000000000000000000000000000000000000000000000000000000000000000000000000000000000000000000000000000000000000000000000000000000000000000000000000000000000000000000000000000000000000000000000000000000000000000000000000000000000000000000000000000000000000000000000000000000000000000000000000000000000000000000000000000000000000000000000000000000000000000000000000000000000000000000000000000000000000000000000 hash=2242411963
EPLAN 0 27 modes=0 pc=0 pp=-1 pb=-1 selon=0 prof=0 Q=8 ns=0 k=0 shifts=2,5,5,6,7,7,8,8,8,9,2,5,5,6,7,7,8,8,8,9,2,5,5,6,7,7,8,8,8,9 nz=28,12,18,20,16,19,11,18,14,0,14,4,3,7,0,0,0,0,0,0,12,3,3,1,1,0,0,0,0,0 sel=00000000000000000000000000000000000000000000000000000000000000000000000000000000000000000000000000000000000000000000000000000000000000000000000000000000000000000000000000000000000000000000000000000000000000000000000000000000000000000000000000000000000000000000000000000000000000000000000000000000000000000000000000000000000000000000000000000000000000000000000000000000000000000000000000000000000000000000000000000000000000000000000000000000000000000000000000000000000000000000000000000000000000000000000000000000 hash=3791983874
EPLAN 0 28 modes=0 pc=0 pp=-1 pb=-1 selon=0 prof=0 Q=9 ns=1 k=0 shifts=2,6,6,6,8,8,9,9,9,10,2,6,6,7,8,8,9,9,9,10,2,6,6,7,8,8,9,9,9,10 nz=28,12,15,25,25,14,11,12,11,0,14,2,2,0,0,0,0,0,0,0,13,0,0,0,0,0,0,0,0,0 sel=00000000000000000000000000000000000000000000000000000000000000000000000000000000000000000000000000000000000000000000000000000000000000000000000000000000000000000000000000000000000000000000000000000000000000000000000000000000000000000000000000000000000000000000000000000000000000000000000000000000000000000000000000000000000000000000000000000000000000000000000000000000000000000000000000000000000000000000000000000000000000000000000000000000000000000000000000000000000000000000000000000000000000000000000000000000 hash=1489978892
EPLAN 0 29 modes=0 pc=0 pp=-1 pb=-1 selon=0 prof=0 Q=9 ns=12 k=0 shifts=2,6,6,6,7,7,8,9,9,10,2,6,6,6,7,7,8,9,9,10,2,6,6,6,7,7,8,9,9,10 nz=28,11,18,25,21,25,14,2,13,0,14,2,2,2,0,0,0,0,0,0,14,0,2,1,0,2,0,0,0,0 sel=00000000000000000000000000000000000000000000000000000000000000000000000000000000000000000000000000000000000000000000000000000000000000000000000000000000000000000000000000000000000000000000000000000000000000000000000000000000000000000000000000000000000000000000000000000000000000000000000000000000000000000000000000000000000000000000000000000000000000000000000000000000000000000000000000000000000000000000000000000000000000000000000000000000000000000000000000000000000000000000000000000000000000000000000000000000 hash=1740229503
EPLAN 0 30 modes=0 pc=0 pp=-1 pb=-1 selon=0 prof=0 Q=8 ns=1 k=0 shifts=2,5,5,5,7,7,8,8,8,9,2,5,5,6,7,7,8,8,8,9,2,5,5,6,7,7,8,8,8,9 nz=28,13,15,24,12,18,11,14,22,0,14,3,3,4,1,0,0,0,0,0,11,3,3,2,0,0,0,0,0,0 sel=00000000000000000000000000000000000000000000000000000000000000000000000000000000000000000000000000000000000000000000000000000000000000000000000000000000000000000000000000000000000000000000000000000000000000000000000000000000000000000000000000000000000000000000000000000000000000000000000000000000000000000000000000000000000000000000000000000000000000000000000000000000000000000000000000000000000000000000000000000000000000000000000000000000000000000000000000000000000000000000000000000000000000000000000000000000 hash=3385502383
EPLAN 0 31 modes=0 pc=0 pp=-1 pb=-1 selon=0 prof=0 Q=8 ns=10 k=0 shifts=2,5,5,5,6,6,7,8,8,9,2,5,5,5,6,6,8,8,8,9,2,5,5,5,6,6,8,8,8,9 nz=28,12,11,22,22,23,7,2,3,0,14,3,3,9,4,8,0,0,0,0,13,2,3,9,2,6,0,0,0,0 sel=00000000000000000000000000000000000000000000000000000000000000000000000000000000000000000000000000000000000000000000000000000000000000000000000000000000000000000000000000000000000000000000000000000000000000000000000000000000000000000000000000000000000000000000000000000000000000000000000000000000000000000000000000000000000000000000000000000000000000000000000000000000000000000000000000000000000000000000000000000000000000000000000000000000000000000000000000000000000000000000000000000000000000000000000000000000 hash=3925421987
EPLAN 1 0 modes=31999 pc=0 pp=-1 pb=-1 selon=0 prof=0 Q=8 ns=1 k=0 shifts=2,5,5,5,7,7,8,8,8,9,2,5,5,6,7,7,8,8,8,9,2,5,5,6,7,7,8,8,8,9 nz=22,9,9,21,17,4,5,28,7,0,10,4,5,4,2,1,0,0,0,0,14,1,2,2,1,1,0,1,0,0 sel=00000000000000000000000000000000000000000000000000000000000000000000000000000000000000000000000000000000000000000000000000000000000000000000000000000000000000000000000000000000000000000000000000000000000000000000000000000000000000000000000000000000000000000000000000000000000000000000000000000000000000000000000000000000000000000000000000000000000000000000000000000000000000000000000000000000000000000000000000000000000000000000000000000000000000000000000000000000000000000000000000000000000000000000000000000000 hash=1451951937
EPLAN 1 1 modes=0 pc=0 pp=-1 pb=-1 selon=0 prof=0 Q=10 ns=11 k=0 shifts=2,7,7,7,8,8,9,10,10,11,2,7,7,7,8,8,9,10,10,11,2,7,7,7,8,8,10,10,10,11 nz=28,10,13,18,26,22,26,0,1,0,14,0,0,0,0,0,0,0,0,0,14,0,0,0,0,0,0,0,0,0 sel=00000000000000000000000000000000000000000000000000000000000000000000000000000000000000000000000000000000000000000000000000000000000000000000000000000000000000000000000000000000000000000000000000000000000000000000000000000000000000000000000000000000000000000000000000000000000000000000000000000000000000000000000000000000000000000000000000000000000000000000000000000000000000000000000000000000000000000000000000000000000000000000000000000000000000000000000000000000000000000000000000000000000000000000000000000000 hash=918689860
EPLAN 1 2 modes=1050111 pc=0 pp=-1 pb=-1 selon=0 prof=0 Q=9 ns=13 k=0 shifts=2,6,6,6,7,7,8,8,9,10,2,6,6,6,7,7,8,9,9,10,2,6,6,6,7,7,8,9,9,10 nz=23,10,17,16,32,41,22,44,14,0,11,2,2,6,4,1,0,0,0,0,13,1,5,5,6,0,1,0,0,0 sel=00000000000000000000000000000000000000000000000000000000000000000000000000000000000000000000000000000000000000000000000000000000000000000000000000000000000000000000000000000000000000000000000000000000000000000000000000000000000000000000000000000000000000000000000000000000000000000000000000000000000000000000000000000000000000000000000000000000000000000000000000000000000000000000000000000000000000000000000000000000000000000000000000000000000000000000000000000000000000000000000000000000000000000000000000000000 hash=3607315424
EPLAN 1 3 modes=1053951 pc=0 pp=-1 pb=-1 selon=0 prof=0 Q=9 ns=12 k=0 shifts=2,6,6,6,7,7,8,9,9,10,2,6,6,6,7,7,8,9,9,10,2,6,6,6,7,7,8,9,9,10 nz=25,9,16,29,48,41,29,11,21,0,13,3,4,3,2,1,0,0,0,0,10,3,3,7,3,1,0,0,0,0 sel=00000000000000000000000000000000000000000000000000000000000000000000000000000000000000000000000000000000000000000000000000000000000000000000000000000000000000000000000000000000000000000000000000000000000000000000000000000000000000000000000000000000000000000000000000000000000000000000000000000000000000000000000000000000000000000000000000000000000000000000000000000000000000000000000000000000000000000000000000000000000000000000000000000000000000000000000000000000000000000000000000000000000000000000000000000000 hash=2018699514
EPLAN 1 4 modes=7347327 pc=0 pp=-1 pb=-1 selon=0 prof=0 Q=9 ns=6 k=0 shifts=2,6,6,6,7,7,9,9,9,10,2,6,6,6,7,8,9,9,9,10,2,6,6,6,8,8,9,9,9,10 nz=25,13,19,41,42,43,9,11,28,0,11,2,5,10,0,0,0,0,0,0,9,4,5,11,0,0,0,0,0,0 sel=00000000000000000000000000000000000000000000000000000000000000000000000000000000000000000000000000000000000000000000000000000000000000000000000000000000000000000000000000000000000000000000000000000000000000000000000000000000000000000000000000000000000000000000000000000000000000000000000000000000000000000000000000000000000000000000000000000000000000000000000000000000000000000000000000000000000000000000000000000000000000000000000000000000000000000000000000000000000000000000000000000000000000000000000000000000 hash=4238059997
EPLAN 1 5 modes=15744191 pc=0 pp=-1 pb=-1 selon=0 prof=0 Q=8 ns=5 k=0 shifts=2,5,5,5,6,6,8,8,8,9,2,5,5,5,7,7,8,8,8,9,2,5,5,5,7,7,8,8,8,9 nz=23,6,8,23,17,22,5,12,0,0,11,1,5,11,0,1,0,0,0,0,10,4,2,14,0,3,0,1,0,0 sel=00000000000000000000000000000000000000000000000000000000000000000000000000000000000000000000000000000000000000000000000000000000000000000000000000000000000000000000000000000000000000000000000000000000000000000000000000000000000000000000000000000000000000000000000000000000000000000000000000000000000000000000000000000000000000000000000000000000000000000000000000000000000000000000000000000000000000000000000000000000000000000000000000000000000000000000000000000000000000000000000000000000000000000000000000000000 hash=564906349
EPLAN 1 6 modes=7355903 pc=0 pp=-1 pb=-1 selon=0 prof=0 Q=8 ns=0 k=0 shifts=2,5,5,6,7,7,8,8,8,9,2,5,5,6,7,7,8,8,8,9,2,5,5,6,7,7,8,8,8,9 nz=17,8,14,11,14,15,5,20,23,0,12,4,4,7,0,4,0,0,0,0,11,3,2,8,4,2,0,0,0,0 sel=00000000000000000000000000000000000000000000000000000000000000000000000000000000000000000000000000000000000000000000000000000000000000000000000000000000000000000000000000000000000000000000000000000000000000000000000000000000000000000000000000000000000000000000000000000000000000000000000000000000000000000000000000000000000000000000000000000000000000000000000000000000000000000000000000000000000000000000000000000000000000000000000000000000000000000000000000000000000000000000000000000000000000000000000000000000 hash=4055269012
EPLAN 1 7 modes=7355711 pc=0 pp=-1 pb=-1 selon=0 prof=0 Q=9 ns=21 k=0 shifts=2,6,6,6,7,7,8,8,8,9,2,6,6,6,7,7,8,8,8,9,2,6,6,6,7,7,8,8,8,9 nz=22,6,9,14,15,20,5,18,9,0,10,4,5,7,0,6,0,0,0,0,12,1,1,13,1,1,0,0,0,0 sel=00000000000000000000000000000000000000000000000000000000000000000000000000000000000000000000000000000000000000000000000000000000000000000000000000000000000000000000000000000000000000000000000000000000000000000000000000000000000000000000000000000000000000000000000000000000000000000000000000000000000000000000000000000000000000000000000000000000000000000000000000000000000000000000000000000000000000000000000000000000000000000000000000000000000000000000000000000000000000000000000000000000000000000000000000000000 hash=1844350891
EPLAN 1 8 modes=7372031 pc=0 pp=-1 pb=-1 selon=0 prof=0 Q=9 ns=9 k=0 shifts=2,6,6,6,7,7,9,9,9,10,2,6,6,6,7,7,9,9,9,10,2,6,6,6,7,7,9,9,9,10 nz=24,12,16,21,21,27,4,10,4,0,10,4,11,10,3,8,0,0,0,0,11,4,6,11,4,1,0,0,0,0 sel=00000000000000000000000000000000000000000000000000000000000000000000000000000000000000000000000000000000000000000000000000000000000000000000000000000000000000000000000000000000000000000000000000000000000000000000000000000000000000000000000000000000000000000000000000000000000000000000000000000000000000000000000000000000000000000000000000000000000000000000000000000000000000000000000000000000000000000000000000000000000000000000000000000000000000000000000000000000000000000000000000000000000000000000000000000000 hash=3261621650
EPLAN 1 9 modes=0 pc=0 pp=-1 pb=-1 selon=0 prof=0 Q=9 ns=2 k=0 shifts=2,6,6,6,7,8,9,9,9,10,2,6,6,7,8,8,9,9,9,10,2,6,6,7,8,8,9,9,9,10 nz=28,17,25,29,19,8,2,1,1,0,14,4,10,3,0,0,0,0,0,0,14,3,7,3,0,0,0,0,0,0 sel=00000000000000000000000000000000000000000000000000000000000000000000000000000000000000000000000000000000000000000000000000000000000000000000000000000000000000000000000000000000000000000000000000000000000000000000000000000000000000000000000000000000000000000000000000000000000000000000000000000000000000000000000000000000000000000000000000000000000000000000000000000000000000000000000000000000000000000000000000000000000000000000000000000000000000000000000000000000000000000000000000000000000000000000000000000000 hash=2653539444
EPLAN 1 10 modes=15736063 pc=0 pp=-1 pb=-1 selon=0 prof=0 Q=9 ns=13 k=0 shifts=2,6,6,6,7,7,8,8,9,10,2,6,6,6,7,7,8,9,9,10,2,6,6,6,7,7,8,9,9,10 nz=26,6,12,24,26,37,14,27,0,0,11,1,3,10,0,0,0,0,0,0,11,1,2,4,0,0,0,0,0,0 sel=00000000000000000000000000000000000000000000000000000000000000000000000000000000000000000000000000000000000000000000000000000000000000000000000000000000000000000000000000000000000000000000000000000000000000000000000000000000000000000000000000000000000000000000000000000000000000000000000000000000000000000000000000000000000000000000000000000000000000000000000000000000000000000000000000000000000000000000000000000000000000000000000000000000000000000000000000000000000000000000000000000000000000000000000000000000 hash=3546460980
EPLAN 1 11 modes=7347455 pc=0 pp=-1 pb=-1 selon=0 prof=0 Q=8 ns=0 k=0 shifts=2,5,5,6,7,7,8,8,8,9,2,5,5,6,7,7,8,8,8,9,2,5,5,6,7,7,8,8,8,9 nz=21,9,25,13,10,13,2,29,14,0,11,6,8,11,1,1,0,0,0,0,13,4,5,8,0,0,0,0,0,0 sel=00000000000000000000000000000000000000000000000000000000000000000000000000000000000000000000000000000000000000000000000000000000000000000000000000000000000000000000000000000000000000000000000000000000000000000000000000000000000000000000000000000000000000000000000000000000000000000000000000000000000000000000000000000000000000000000000000000000000000000000000000000000000000000000000000000000000000000000000000000000000000000000000000000000000000000000000000000000000000000000000000000000000000000000000000000000 hash=3828563825
EPLAN 1 12 modes=3157247 pc=0 pp=-1 pb=-1 selon=0 prof=0 Q=9 ns=13 k=0 shifts=2,6,6,6,7,7,8,8,9,10,2,6,6,6,7,7,8,9,9,10,2,6,6,6,7,7,8,9,9,10 nz=22,19,20,35,45,35,24,54,5,0,9,3,6,10,0,2,0,0,0,0,10,3,3,9,2,0,0,0,0,0 sel=00000000000000000000000000000000000000000000000000000000000000000000000000000000000000000000000000000000000000000000000000000000000000000000000000000000000000000000000000000000000000000000000000000000000000000000000000000000000000000000000000000000000000000000000000000000000000000000000000000000000000000000000000000000000000000000000000000000000000000000000000000000000000000000000000000000000000000000000000000000000000000000000000000000000000000000000000000000000000000000000000000000000000000000000000000000 hash=913201680
EPLAN 1 13 modes=1050111 pc=0 pp=-1 pb=-1 selon=0 prof=0 Q=9 ns=13 k=0 shifts=2,6,6,6,7,7,8,8,9,10,2,6,6,6,7,7,8,9,9,10,2,6,6,6,7,7,8,9,9,10 nz=25,17,19,25,41,38,30,76,22,0,9,3,5,7,6,2,0,0,0,0,7,2,6,9,5,4,0,0,0,0 sel=00000000000000000000000000000000000000000000000000000000000000000000000000000000000000000000000000000000000000000000000000000000000000000000000000000000000000000000000000000000000000000000000000000000000000000000000000000000000000000000000000000000000000000000000000000000000000000000000000000000000000000000000000000000000000000000000000000000000000000000000000000000000000000000000000000000000000000000000000000000000000000000000000000000000000000000000000000000000000000000000000000000000000000000000000000000 hash=3945102349
EPLAN 1 14 modes=1057919 pc=0 pp=-1 pb=-1 selon=0 prof=0 Q=9 ns=13 k=0 shifts=2,6,6,6,7,7,8,8,9,10,2,6,6,6,7,7,8,9,9,10,2,6,6,6,7,7,8,9,9,10 nz=22,5,8,27,35,35,31,61,15,0,10,1,2,4,0,1,0,0,0,0,12,0,0,5,0,3,2,0,0,0 sel=00000000000000000000000000000000000000000000000000000000000000000000000000000000000000000000000000000000000000000000000000000000000000000000000000000000000000000000000000000000000000000000000000000000000000000000000000000000000000000000000000000000000000000000000000000000000000000000000000000000000000000000000000000000000000000000000000000000000000000000000000000000000000000000000000000000000000000000000000000000000000000000000000000000000000000000000000000000000000000000000000000000000000000000000000000000 hash=957763620
EPLAN 1 15 modes=34604159 pc=0 pp=-1 pb=-1 selon=0 prof=0 Q=9 ns=13 k=0 shifts=2,6,6,6,7,7,8,8,9,10,2,6,6,6,7,7,8,9,9,10,2,6,6,6,7,7,8,9,9,10 nz=27,12,17,32,30,39,28,56,22,0,11,1,0,9,0,1,0,0,0,0,9,2,3,9,1,1,0,0,0,0 sel=00000000000000000000000000000000000000000000000000000000000000000000000000000000000000000000000000000000000000000000000000000000000000000000000000000000000000000000000000000000000000000000000000000000000000000000000000000000000000000000000000000000000000000000000000000000000000000000000000000000000000000000000000000000000000000000000000000000000000000000000000000000000000000000000000000000000000000000000000000000000000000000000000000000000000000000000000000000000000000000000000000000000000000000000000000000 hash=3599731203
EPLAN 1 16 modes=1052031 pc=0 pp=-1 pb=-1 selon=0 prof=0 Q=9 ns=18 k=0 shifts=2,6,6,6,7,7,8,8,8,10,2,6,6,6,7,7,8,8,8,10,2,6,6,6,7,7,8,8,8,10 nz=24,5,9,18,18,34,28,53,48,0,13,0,1,7,0,0,0,0,0,0,12,0,1,5,1,1,0,0,0,0 sel=00000000000000000000000000000000000000000000000000000000000000000000000000000000000000000000000000000000000000000000000000000000000000000000000000000000000000000000000000000000000000000000000000000000000000000000000000000000000000000000000000000000000000000000000000000000000000000000000000000000000000000000000000000000000000000000000000000000000000000000000000000000000000000000000000000000000000000000000000000000000000000000000000000000000000000000000000000000000000000000000000000000000000000000000000000000 hash=87324519
EPLAN 1 17 modes=0 pc=0 pp=-1 pb=-1 selon=0 prof=0 Q=9 ns=18 k=0 shifts=2,6,6,6,7,7,8,8,8,10,2,6,6,6,7,7,8,8,8,10,2,6,6,6,7,7,8,8,8,10 nz=28,8,11,18,15,17,10,20,16,0,14,1,1,3,0,0,0,0,0,0,14,0,1,3,1,2,0,0,0,0 sel=00000000000000000000000000000000000000000000000000000000000000000000000000000000000000000000000000000000000000000000000000000000000000000000000000000000000000000000000000000000000000000000000000000000000000000000000000000000000000000000000000000000000000000000000000000000000000000000000000000000000000000000000000000000000000000000000000000000000000000000000000000000000000000000000000000000000000000000000000000000000000000000000000000000000000000000000000000000000000000000000000000000000000000000000000000000 hash=3433318971
EPLAN 1 18 modes=9440511 pc=0 pp=-1 pb=-1 selon=0 prof=0 Q=8 ns=11 k=0 shifts=2,5,5,5,6,6,7,8,8,9,2,5,5,5,6,6,7,8,8,9,2,5,5,5,6,6,8,8,8,9 nz=22,4,6,17,23,18,7,7,1,0,14,4,0,8,7,6,2,0,0,0,12,0,0,6,2,11,0,0,0,0 sel=00000000000000000000000000000000000000000000000000000000000000000000000000000000000000000000000000000000000000000000000000000000000000000000000000000000000000000000000000000000000000000000000000000000000000000000000000000000000000000000000000000000000000000000000000000000000000000000000000000000000000000000000000000000000000000000000000000000000000000000000000000000000000000000000000000000000000000000000000000000000000000000000000000000000000000000000000000000000000000000000000000000000000000000000000000000 hash=1980898333
EPLAN 1 19 modes=5244159 pc=0 pp=-1 pb=-1 selon=0 prof=0 Q=9 ns=21 k=0 shifts=2,6,6,6,7,7,8,8,8,9,2,6,6,6,7,7,8,8,8,9,2,6,6,6,7,7,8,8,8,9 nz=23,5,4,21,12,16,10,26,31,1,11,0,0,2,0,1,0,0,1,0,11,0,2,5,0,1,0,0,0,0 sel=00000000000000000000000000000000000000000000000000000000000000000000000000000000000000000000000000000000000000000000000000000000000000000000000000000000000000000000000000000000000000000000000000000000000000000000000000000000000000000000000000000000000000000000000000000000000000000000000000000000000000000000000000000000000000000000000000000000000000000000000000000000000000000000000000000000000000000000000000000000000000000000000000000000000000000000000000000000000000000000000000000000000000000000000000000000 hash=1566256857
EPLAN 1 20 modes=2109951 pc=0 pp=-1 pb=-1 selon=0 prof=0 Q=8 ns=1 k=0 shifts=2,5,5,5,7,7,8,8,8,9,2,5,5,6,7,7,8,8,8,9,2,5,5,6,7,7,8,8,8,9 nz=24,9,11,23,10,14,1,15,3,1,12,2,1,4,1,0,0,0,0,0,13,2,3,2,0,1,0,0,0,0 sel=00000000000000000000000000000000000000000000000000000000000000000000000000000000000000000000000000000000000000000000000000000000000000000000000000000000000000000000000000000000000000000000000000000000000000000000000000000000000000000000000000000000000000000000000000000000000000000000000000000000000000000000000000000000000000000000000000000000000000000000000000000000000000000000000000000000000000000000000000000000000000000000000000000000000000000000000000000000000000000000000000000000000000000000000000000000 hash=941445267
EPLAN 1 21 modes=1056255 pc=0 pp=-1 pb=-1 selon=0 prof=0 Q=9 ns=13 k=0 shifts=2,6,6,6,7,7,8,8,9,10,2,6,6,6,7,7,8,9,9,10,2,6,6,6,7,7,8,9,9,10 nz=25,6,7,26,20,30,23,44,6,0,13,0,1,5,0,1,0,0,0,0,11,0,1,4,0,0,0,0,0,0 sel=00000000000000000000000000000000000000000000000000000000000000000000000000000000000000000000000000000000000000000000000000000000000000000000000000000000000000000000000000000000000000000000000000000000000000000000000000000000000000000000000000000000000000000000000000000000000000000000000000000000000000000000000000000000000000000000000000000000000000000000000000000000000000000000000000000000000000000000000000000000000000000000000000000000000000000000000000000000000000000000000000000000000000000000000000000000 hash=401305355
EPLAN 1 22 modes=1052159 pc=0 pp=-1 pb=-1 selon=0 prof=0 Q=8 ns=2 k=0 shifts=2,5,5,5,6,7,8,8,8,9,2,5,5,6,7,7,8,8,8,9,2,5,5,6,7,7,8,8,8,9 nz=23,11,18,21,10,9,2,6,9,1,10,6,5,7,0,0,0,0,0,0,11,2,3,2,0,0,0,0,0,0 sel=00000000000000000000000000000000000000000000000000000000000000000000000000000000000000000000000000000000000000000000000000000000000000000000000000000000000000000000000000000000000000000000000000000000000000000000000000000000000000000000000000000000000000000000000000000000000000000000000000000000000000000000000000000000000000000000000000000000000000000000000000000000000000000000000000000000000000000000000000000000000000000000000000000000000000000000000000000000000000000000000000000000000000000000000000000000 hash=1674956572
EPLAN 1 23 modes=5250495 pc=0 pp=-1 pb=-1 selon=0 prof=0 Q=8 ns=13 k=0 shifts=2,5,5,5,6,6,7,7,8,9,2,5,5,5,6,6,7,8,8,9,2,5,5,5,6,6,7,8,8,9 nz=25,6,1,24,4,16,3,6,3,0,11,5,1,7,3,8,0,0,0,0,11,2,1,4,0,4,0,0,0,0 sel=00000000000000000000000000000000000000000000000000000000000000000000000000000000000000000000000000000000000000000000000000000000000000000000000000000000000000000000000000000000000000000000000000000000000000000000000000000000000000000000000000000000000000000000000000000000000000000000000000000000000000000000000000000000000000000000000000000000000000000000000000000000000000000000000000000000000000000000000000000000000000000000000000000000000000000000000000000000000000000000000000000000000000000000000000000000 hash=1195068215
EPLAN 1 24 modes=15744063 pc=0 pp=-1 pb=-1 selon=0 prof=0 Q=8 ns=2 k=0 shifts=2,5,5,5,6,7,8,8,8,9,2,5,5,6,7,7,8,8,8,9,2,5,5,6,7,7,8,8,8,9 nz=25,7,12,24,12,9,6,4,12,0,13,2,4,6,0,1,0,0,0,0,6,2,0,1,0,0,0,0,0,0 sel=00000000000000000000000000000000000000000000000000000000000000000000000000000000000000000000000000000000000000000000000000000000000000000000000000000000000000000000000000000000000000000000000000000000000000000000000000000000000000000000000000000000000000000000000000000000000000000000000000000000000000000000000000000000000000000000000000000000000000000000000000000000000000000000000000000000000000000000000000000000000000000000000000000000000000000000000000000000000000000000000000000000000000000000000000000000 hash=842602270
EPLAN 1 25 modes=0 pc=0 pp=-1 pb=-1 selon=0 prof=0 Q=9 ns=12 k=0 shifts=2,6,6,6,7,7,8,9,9,10,2,6,6,6,7,7,8,9,9,10,2,6,6,6,7,7,8,9,9,10 nz=28,10,16,16,46,15,11,5,1,0,14,2,3,5,1,0,0,0,0,0,14,0,1,2,0,0,0,0,0,0 sel=00000000000000000000000000000000000000000000000000000000000000000000000000000000000000000000000000000000000000000000000000000000000000000000000000000000000000000000000000000000000000000000000000000000000000000000000000000000000000000000000000000000000000000000000000000000000000000000000000000000000000000000000000000000000000000000000000000000000000000000000000000000000000000000000000000000000000000000000000000000000000000000000000000000000000000000000000000000000000000000000000000000000000000000000000000000 hash=977897832
EPLAN 1 26 modes=32507391 pc=0 pp=-1 pb=-1 selon=0 prof=0 Q=9 ns=13 k=0 shifts=2,6,6,6,7,7,8,8,9,10,2,6,6,6,7,7,8,9,9,10,2,6,6,6,7,7,8,9,9,10 nz=26,10,16,20,28,29,21,49,18,0,11,3,5,5,5,0,0,0,0,0,14,2,4,5,5,1,0,0,0,0 sel=00000000000000000000000000000000000000000000000000000000000000000000000000000000000000000000000000000000000000000000000000000000000000000000000000000000000000000000000000000000000000000000000000000000000000000000000000000000000000000000000000000000000000000000000000000000000000000000000000000000000000000000000000000000000000000000000000000000000000000000000000000000000000000000000000000000000000000000000000000000000000000000000000000000000000000000000000000000000000000000000000000000000000000000000000000000 hash=1339670457
EPLAN 1 27 modes=13633023 pc=0 pp=-1 pb=-1 selon=0 prof=0 Q=8 ns=2 k=0 shifts=2,5,5,5,6,7,8,8,8,9,2,5,5,6,7,7,8,8,8,9,2,5,5,6,7,7,8,8,8,9 nz=25,9,12,16,15,11,8,13,12,0,13,2,7,3,0,0,0,0,0,0,11,3,1,2,0,0,0,0,0,0 sel=00000000000000000000000000000000000000000000000000000000000000000000000000000000000000000000000000000000000000000000000000000000000000000000000000000000000000000000000000000000000000000000000000000000000000000000000000000000000000000000000000000000000000000000000000000000000000000000000000000000000000000000000000000000000000000000000000000000000000000000000000000000000000000000000000000000000000000000000000000000000000000000000000000000000000000000000000000000000000000000000000000000000000000000000000000000 hash=3699963466
EPLAN 1 28 modes=1052095 pc=0 pp=-1 pb=-1 selon=0 prof=0 Q=9 ns=13 k=0 shifts=2,6,6,6,7,7,8,8,9,10,2,6,6,6,7,7,8,9,9,10,2,6,6,6,7,7,8,9,9,10 nz=23,6,8,19,33,30,23,51,14,0,7,2,4,3,1,0,0,0,0,0,11,0,2,2,0,0,0,0,0,0 sel=00000000000000000000000000000000000000000000000000000000000000000000000000000000000000000000000000000000000000000000000000000000000000000000000000000000000000000000000000000000000000000000000000000000000000000000000000000000000000000000000000000000000000000000000000000000000000000000000000000000000000000000000000000000000000000000000000000000000000000000000000000000000000000000000000000000000000000000000000000000000000000000000000000000000000000000000000000000000000000000000000000000000000000000000000000000 hash=2313758167
EPLAN 1 29 modes=1056063 pc=0 pp=-1 pb=-1 selon=0 prof=0 Q=9 ns=13 k=0 shifts=2,6,6,6,7,7,8,8,9,10,2,6,6,6,7,7,8,9,9,10,2,6,6,6,7,7,8,9,9,10 nz=22,2,6,15,14,19,10,16,14,0,9,0,1,4,0,1,0,0,0,0,13,0,2,0,0,1,0,0,0,0 sel=00000000000000000000000000000000000000000000000000000000000000000000000000000000000000000000000000000000000000000000000000000000000000000000000000000000000000000000000000000000000000000000000000000000000000000000000000000000000000000000000000000000000000000000000000000000000000000000000000000000000000000000000000000000000000000000000000000000000000000000000000000000000000000000000000000000000000000000000000000000000000000000000000000000000000000000000000000000000000000000000000000000000000000000000000000000 hash=3509266496
EPLAN 1 30 modes=1058303 pc=0 pp=-1 pb=-1 selon=0 prof=0 Q=8 ns=2 k=0 shifts=2,5,5,5,6,7,8,8,8,9,2,5,5,6,7,7,8,8,8,9,2,5,5,6,7,7,8,8,8,9 nz=18,4,11,19,13,12,6,9,16,1,12,5,6,5,0,0,0,0,0,0,11,2,3,3,1,0,0,0,0,0 sel=00000000000000000000000000000000000000000000000000000000000000000000000000000000000000000000000000000000000000000000000000000000000000000000000000000000000000000000000000000000000000000000000000000000000000000000000000000000000000000000000000000000000000000000000000000000000000000000000000000000000000000000000000000000000000000000000000000000000000000000000000000000000000000000000000000000000000000000000000000000000000000000000000000000000000000000000000000000000000000000000000000000000000000000000000000000 hash=3922128822
EPLAN 1 31 modes=14683199 pc=0 pp=-1 pb=-1 selon=0 prof=0 Q=8 ns=8 k=0 shifts=2,5,5,5,6,6,8,8,8,9,2,5,5,5,6,6,8,8,8,9,2,5,5,5,6,7,8,8,8,9 nz=24,7,8,19,12,18,1,2,5,0,12,4,4,9,1,9,0,0,0,0,14,1,1,8,2,0,0,0,0,0 sel=00000000000000000000000000000000000000000000000000000000000000000000000000000000000000000000000000000000000000000000000000000000000000000000000000000000000000000000000000000000000000000000000000000000000000000000000000000000000000000000000000000000000000000000000000000000000000000000000000000000000000000000000000000000000000000000000000000000000000000000000000000000000000000000000000000000000000000000000000000000000000000000000000000000000000000000000000000000000000000000000000000000000000000000000000000000 hash=484806300
