EPLAN 0 0 modes=0 pc=0 pp=-1 pb=-1 selon=0 prof=0 Q=9 ns=12 k=0 shifts=2,6,6,6,7,7,8,9,9,10,2,6,6,6,7,7,8,9,9,10,2,6,6,6,7,7,8,9,9,10 nz=28,13,13,15,20,18,5,16,0,0,14,3,3,5,2,2,0,0,0,0,13,0,1,5,1,1,0,0,0,0 sel=00000000000000000000000000000000000000000000000000000000000000000000000000000000000000000000000000000000000000000000000000000000000000000000000000000000000000000000000000000000000000000000000000000000000000000000000000000000000000000000000000000000000000000000000000000000000000000000000000000000000000000000000000000000000000000000000000000000000000000000000000000000000000000000000000000000000000000000000000000000000000000000000000000000000000000000000000000000000000000000000000000000000000000000000000000000 hash=1842536610
EPLAN 0 1 modes=0 pc=0 pp=-1 pb=-1 selon=0 prof=0 Q=10 ns=21 k=0 shifts=2,7,7,7,8,8,9,9,9,10,2,7,7,7,8,8,9,9,9,10,2,7,7,7,8,8,9,9,9,10 nz=28,10,12,16,25,22,20,19,29,0,14,0,0,0,0,0,0,0,0,0,13,0,0,1,0,0,0,0,0,0 sel=00000000000000000000000000000000000000000000000000000000000000000000000000000000000000000000000000000000000000000000000000000000000000000000000000000000000000000000000000000000000000000000000000000000000000000000000000000000000000000000000000000000000000000000000000000000000000000000000000000000000000000000000000000000000000000000000000000000000000000000000000000000000000000000000000000000000000000000000000000000000000000000000000000000000000000000000000000000000000000000000000000000000000000000000000000000 hash=2584958889
EPLAN 0 2 modes=0 pc=0 pp=-1 pb=-1 selon=0 prof=0 Q=10 ns=22 k=0 shifts=2,7,7,6,8,8,9,9,9,10,2,7,7,7,8,8,9,9,9,10,2,7,7,7,8,8,9,9,9,10 nz=28,7,17,35,31,31,16,11,16,0,14,0,0,0,1,0,0,0,0,0,14,0,0,1,1,0,0,0,0,0 sel=00000000000000000000000000000000000000000000000000000000000000000000000000000000000000000000000000000000000000000000000000000000000000000000000000000000000000000000000000000000000000000000000000000000000000000000000000000000000000000000000000000000000000000000000000000000000000000000000000000000000000000000000000000000000000000000000000000000000000000000000000000000000000000000000000000000000000000000000000000000000000000000000000000000000000000000000000000000000000000000000000000000000000000000000000000000 hash=3490845348
EPLAN 0 3 modes=0 pc=0 pp=-1 pb=-1 selon=0 prof=0 Q=10 ns=13 k=0 shifts=2,7,7,7,8,8,9,9,10,11,2,7,7,7,8,8,9,10,10,11,2,7,7,7,8,8,9,10,10,11 nz=28,11,16,20,41,20,8,12,0,0,14,1,0,1,0,0,0,0,0,0,14,1,1,1,1,0,0,0,0,0 sel=00000000000000000000000000000000000000000000000000000000000000000000000000000000000000000000000000000000000000000000000000000000000000000000000000000000000000000000000000000000000000000000000000000000000000000000000000000000000000000000000000000000000000000000000000000000000000000000000000000000000000000000000000000000000000000000000000000000000000000000000000000000000000000000000000000000000000000000000000000000000000000000000000000000000000000000000000000000000000000000000000000000000000000000000000000000 hash=4060988641
EPLAN 0 4 modes=0 pc=0 pp=-1 pb=-1 selon=0 prof=0 Q=10 ns=12 k=0 shifts=2,7,7,7,8,8,9,10,10,11,2,7,7,7,8,8,9,10,10,11,2,7,7,7,8,8,9,10,10,11 nz=28,11,22,36,39,33,16,0,0,0,14,2,3,2,0,0,0,0,0,0,14,3,3,4,1,0,0,0,0,0 sel=00000000000000000000000000000000000000000000000000000000000000000000000000000000000000000000000000000000000000000000000000000000000000000000000000000000000000000000000000000000000000000000000000000000000000000000000000000000000000000000000000000000000000000000000000000000000000000000000000000000000000000000000000000000000000000000000000000000000000000000000000000000000000000000000000000000000000000000000000000000000000000000000000000000000000000000000000000000000000000000000000000000000000000000000000000000 hash=3576941890
EPLAN 0 5 modes=0 pc=0 pp=-1 pb=-1 selon=0 prof=0 Q=8 ns=2 k=0 shifts=2,5,5,5,6,7,8,8,8,9,2,5,5,6,7,7,8,8,8,9,2,5,5,6,7,7,8,8,8,9 nz=28,12,19,31,14,16,4,12,2,0,14,4,6,9,0,1,0,0,0,0,13,5,6,8,1,0,0,0,0,0 sel=00000000000000000000000000000000000000000000000000000000000000000000000000000000000000000000000000000000000000000000000000000000000000000000000000000000000000000000000000000000000000000000000000000000000000000000000000000000000000000000000000000000000000000000000000000000000000000000000000000000000000000000000000000000000000000000000000000000000000000000000000000000000000000000000000000000000000000000000000000000000000000000000000000000000000000000000000000000000000000000000000000000000000000000000000000000 hash=926478037
EPLAN 0 6 modes=0 pc=0 pp=-1 pb=-1 selon=0 prof=0 Q=9 ns=3 k=0 shifts=2,6,6,6,7,7,9,9,9,10,2,6,6,7,8,8,9,9,9,10,2,6,6,7,8,8,9,9,9,10 nz=28,11,20,19,18,32,10,5,4,0,13,5,5,4,0,0,0,0,0,0,13,5,5,3,0,0,0,0,0,0 sel=00000000000000000000000000000000000000000000000000000000000000000000000000000000000000000000000000000000000000000000000000000000000000000000000000000000000000000000000000000000000000000000000000000000000000000000000000000000000000000000000000000000000000000000000000000000000000000000000000000000000000000000000000000000000000000000000000000000000000000000000000000000000000000000000000000000000000000000000000000000000000000000000000000000000000000000000000000000000000000000000000000000000000000000000000000000 hash=2180333103
EPLAN 0 7 modes=0 pc=0 pp=-1 pb=-1 selon=0 prof=0 Q=9 ns=2 k=0 shifts=2,6,6,6,7,8,9,9,9,10,2,6,6,7,8,8,9,9,9,10,2,6,6,7,8,8,9,9,9,10 nz=28,19,22,24,23,12,0,1,0,0,14,4,7,4,0,0,0,0,0,0,13,5,8,3,0,0,0,0,0,0 sel=00000000000000000000000000000000000000000000000000000000000000000000000000000000000000000000000000000000000000000000000000000000000000000000000000000000000000000000000000000000000000000000000000000000000000000000000000000000000000000000000000000000000000000000000000000000000000000000000000000000000000000000000000000000000000000000000000000000000000000000000000000000000000000000000000000000000000000000000000000000000000000000000000000000000000000000000000000000000000000000000000000000000000000000000000000000 hash=3679980724
EPLAN 0 8 modes=0 pc=0 pp=-1 pb=-1 selon=0 prof=0 Q=10 ns=13 k=0 shifts=2,7,7,7,8,8,9,9,10,11,2,7,7,7,8,8,9,10,10,11,2,7,7,7,8,8,9,10,10,11 nz=28,16,23,28,18,18,1,9,0,0,14,4,6,5,2,1,0,0,0,0,13,3,5,3,0,0,0,0,0,0 sel=00000000000000000000000000000000000000000000000000000000000000000000000000000000000000000000000000000000000000000000000000000000000000000000000000000000000000000000000000000000000000000000000000000000000000000000000000000000000000000000000000000000000000000000000000000000000000000000000000000000000000000000000000000000000000000000000000000000000000000000000000000000000000000000000000000000000000000000000000000000000000000000000000000000000000000000000000000000000000000000000000000000000000000000000000000000 hash=440816871
EPLAN 0 9 modes=0 pc=0 pp=-1 pb=-1 selon=0 prof=0 Q=9 ns=2 k=0 shifts=2,6,6,6,7,8,9,9,9,10,2,6,6,7,8,8,9,9,9,10,2,6,6,7,8,8,9,9,9,10 nz=28,18,28,29,20,10,2,4,0,0,14,4,10,3,0,0,0,0,0,0,14,4,6,1,0,0,0,0,0,0 sel=00000000000000000000000000000000000000000000000000000000000000000000000000000000000000000000000000000000000000000000000000000000000000000000000000000000000000000000000000000000000000000000000000000000000000000000000000000000000000000000000000000000000000000000000000000000000000000000000000000000000000000000000000000000000000000000000000000000000000000000000000000000000000000000000000000000000000000000000000000000000000000000000000000000000000000000000000000000000000000000000000000000000000000000000000000000 hash=2182984574
EPLAN 0 10 modes=0 pc=0 pp=-1 pb=-1 selon=0 prof=0 Q=9 ns=1 k=0 shifts=2,6,6,6,8,8,9,9,9,10,2,6,6,7,8,8,9,9,9,10,2,6,6,7,8,8,9,9,9,10 nz=28,17,26,40,22,21,2,6,0,0,14,5,10,4,0,0,0,0,0,0,14,4,5,3,0,0,0,0,0,0 sel=00000000000000000000000000000000000000000000000000000000000000000000000000000000000000000000000000000000000000000000000000000000000000000000000000000000000000000000000000000000000000000000000000000000000000000000000000000000000000000000000000000000000000000000000000000000000000000000000000000000000000000000000000000000000000000000000000000000000000000000000000000000000000000000000000000000000000000000000000000000000000000000000000000000000000000000000000000000000000000000000000000000000000000000000000000000 hash=3339956135
EPLAN 0 11 modes=0 pc=0 pp=-1 pb=-1 selon=0 prof=0 Q=9 ns=2 k=0 shifts=2,6,6,6,7,8,9,9,9,10,2,6,6,7,8,8,9,9,9,10,2,6,6,7,8,8,9,9,9,10 nz=28,18,26,35,16,8,1,9,0,0,14,8,8,6,0,0,0,0,0,0,14,5,3,2,0,0,0,0,0,0 sel=00000000000000000000000000000000000000000000000000000000000000000000000000000000000000000000000000000000000000000000000000000000000000000000000000000000000000000000000000000000000000000000000000000000000000000000000000000000000000000000000000000000000000000000000000000000000000000000000000000000000000000000000000000000000000000000000000000000000000000000000000000000000000000000000000000000000000000000000000000000000000000000000000000000000000000000000000000000000000000000000000000000000000000000000000000000 hash=2024925131
EPLAN 0 12 modes=0 pc=0 pp=-1 pb=-1 selon=0 prof=0 Q=10 ns=21 k=0 shifts=2,7,7,7,8,8,9,9,9,10,2,7,7,7,8,8,9,9,9,10,2,7,7,7,8,8,9,9,9,10 nz=27,17,22,27,38,12,15,10,1,0,14,2,1,5,0,0,0,0,0,0,14,2,1,2,0,0,0,0,0,0 sel=00000000000000000000000000000000000000000000000000000000000000000000000000000000000000000000000000000000000000000000000000000000000000000000000000000000000000000000000000000000000000000000000000000000000000000000000000000000000000000000000000000000000000000000000000000000000000000000000000000000000000000000000000000000000000000000000000000000000000000000000000000000000000000000000000000000000000000000000000000000000000000000000000000000000000000000000000000000000000000000000000000000000000000000000000000000 hash=763252040
EPLAN 0 13 modes=0 pc=0 pp=-1 pb=-1 selon=0 prof=0 Q=10 ns=13 k=0 shifts=2,7,7,7,8,8,9,9,10,11,2,7,7,7,8,8,9,10,10,11,2,7,7,7,8,8,9,10,10,11 nz=28,15,15,23,38,26,10,16,0,0,14,0,3,1,1,0,0,0,0,0,13,1,4,2,1,0,0,0,0,0 sel=00000000000000000000000000000000000000000000000000000000000000000000000000000000000000000000000000000000000000000000000000000000000000000000000000000000000000000000000000000000000000000000000000000000000000000000000000000000000000000000000000000000000000000000000000000000000000000000000000000000000000000000000000000000000000000000000000000000000000000000000000000000000000000000000000000000000000000000000000000000000000000000000000000000000000000000000000000000000000000000000000000000000000000000000000000000 hash=1366828991
EPLAN 0 14 modes=0 pc=0 pp=-1 pb=-1 selon=0 prof=0 Q=9 ns=0 k=0 shifts=2,6,6,7,8,8,9,9,9,10,2,6,6,7,8,8,9,9,9,10,2,6,6,7,8,8,9,9,9,10 nz=28,13,26,19,27,20,11,23,17,0,14,0,2,0,0,0,0,0,0,0,14,0,3,1,0,0,0,0,0,0 sel=00000000000000000000000000000000000000000000000000000000000000000000000000000000000000000000000000000000000000000000000000000000000000000000000000000000000000000000000000000000000000000000000000000000000000000000000000000000000000000000000000000000000000000000000000000000000000000000000000000000000000000000000000000000000000000000000000000000000000000000000000000000000000000000000000000000000000000000000000000000000000000000000000000000000000000000000000000000000000000000000000000000000000000000000000000000 hash=1861495583
EPLAN 0 15 modes=0 pc=0 pp=-1 pb=-1 selon=0 prof=0 Q=10 ns=12 k=0 shifts=2,7,7,7,8,8,9,10,10,11,2,7,7,7,8,8,9,10,10,11,2,7,7,7,8,8,9,10,10,11 nz=28,10,15,20,37,31,16,0,0,0,14,0,0,0,0,0,0,0,0,0,13,0,0,0,0,1,0,0,0,0 sel=00000000000000000000000000000000000000000000000000000000000000000000000000000000000000000000000000000000000000000000000000000000000000000000000000000000000000000000000000000000000000000000000000000000000000000000000000000000000000000000000000000000000000000000000000000000000000000000000000000000000000000000000000000000000000000000000000000000000000000000000000000000000000000000000000000000000000000000000000000000000000000000000000000000000000000000000000000000000000000000000000000000000000000000000000000000 hash=2801193238
EPLAN 0 16 modes=0 pc=0 pp=-1 pb=-1 selon=0 prof=0 Q=9 ns=2 k=0 shifts=2,6,6,6,7,8,9,9,9,10,2,6,6,7,8,8,9,9,9,10,2,6,6,7,8,8,9,9,9,10 nz=28,14,18,29,36,20,9,7,15,0,14,1,0,0,0,0,0,0,0,0,12,0,1,2,0,0,0,0,0,0 sel=00000000000000000000000000000000000000000000000000000000000000000000000000000000000000000000000000000000000000000000000000000000000000000000000000000000000000000000000000000000000000000000000000000000000000000000000000000000000000000000000000000000000000000000000000000000000000000000000000000000000000000000000000000000000000000000000000000000000000000000000000000000000000000000000000000000000000000000000000000000000000000000000000000000000000000000000000000000000000000000000000000000000000000000000000000000 hash=4022079310
EPLAN 0 17 modes=0 pc=0 pp=-1 pb=-1 selon=0 prof=0 Q=9 ns=21 k=0 shifts=2,6,6,6,7,7,8,8,8,9,2,6,6,6,7,7,8,8,8,9,2,6,6,6,7,7,8,8,8,9 nz=28,8,15,22,15,23,16,21,20,2,14,1,1,2,0,0,0,0,0,0,13,0,1,2,0,0,0,0,0,0 sel=00000000000000000000000000000000000000000000000000000000000000000000000000000000000000000000000000000000000000000000000000000000000000000000000000000000000000000000000000000000000000000000000000000000000000000000000000000000000000000000000000000000000000000000000000000000000000000000000000000000000000000000000000000000000000000000000000000000000000000000000000000000000000000000000000000000000000000000000000000000000000000000000000000000000000000000000000000000000000000000000000000000000000000000000000000000 hash=3804591092
EPLAN 0 18 modes=0 pc=0 pp=-1 pb=-1 selon=0 prof=0 Q=8 ns=17 k=0 shifts=2,5,5,5,6,6,7,7,7,9,2,5,5,5,6,6,7,7,7,9,2,5,5,5,6,6,7,7,8,9 nz=28,8,11,15,14,23,5,15,8,0,14,3,1,9,5,11,1,0,0,0,13,3,1,9,6,6,2,0,0,0 sel=00000000000000000000000000000000000000000000000000000000000000000000000000000000000000000000000000000000000000000000000000000000000000000000000000000000000000000000000000000000000000000000000000000000000000000000000000000000000000000000000000000000000000000000000000000000000000000000000000000000000000000000000000000000000000000000000000000000000000000000000000000000000000000000000000000000000000000000000000000000000000000000000000000000000000000000000000000000000000000000000000000000000000000000000000000000 hash=240155025
EPLAN 0 19 modes=0 pc=0 pp=-1 pb=-1 selon=0 prof=0 Q=9 ns=12 k=0 shifts=2,6,6,6,7,7,8,9,9,10,2,6,6,6,7,7,8,9,9,10,2,6,6,6,7,7,8,9,9,10 nz=28,6,11,22,27,30,19,9,8,0,14,0,0,6,0,0,0,0,0,0,13,0,0,2,0,0,0,0,0,0 sel=00000000000000000000000000000000000000000000000000000000000000000000000000000000000000000000000000000000000000000000000000000000000000000000000000000000000000000000000000000000000000000000000000000000000000000000000000000000000000000000000000000000000000000000000000000000000000000000000000000000000000000000000000000000000000000000000000000000000000000000000000000000000000000000000000000000000000000000000000000000000000000000000000000000000000000000000000000000000000000000000000000000000000000000000000000000 hash=2077982572
EPLAN 0 20 modes=0 pc=0 pp=-1 pb=-1 selon=0 prof=0 Q=8 ns=1 k=0 shifts=2,5,5,5,7,7,8,8,8,9,2,5,5,6,7,7,8,8,8,9,2,5,5,6,7,7,8,8,8,9 nz=28,10,16,27,15,14,3,24,11,0,13,7,2,2,0,0,0,0,0,0,12,2,3,3,0,0,0,0,0,0 sel=00000000000000000000000000000000000000000000000000000000000000000000000000000000000000000000000000000000000000000000000000000000000000000000000000000000000000000000000000000000000000000000000000000000000000000000000000000000000000000000000000000000000000000000000000000000000000000000000000000000000000000000000000000000000000000000000000000000000000000000000000000000000000000000000000000000000000000000000000000000000000000000000000000000000000000000000000000000000000000000000000000000000000000000000000000000 hash=2663913559
EPLAN 0 21 modes=0 pc=0 pp=-1 pb=-1 selon=0 prof=0 Q=9 ns=1 k=0 shifts=2,6,6,6,8,8,9,9,9,10,2,6,6,7,8,8,9,9,9,10,2,6,6,7,8,8,9,9,9,10 nz=28,13,17,30,22,14,11,10,9,0,14,2,3,0,0,0,0,0,0,0,14,1,1,0,0,0,0,0,0,0 sel=00000000000000000000000000000000000000000000000000000000000000000000000000000000000000000000000000000000000000000000000000000000000000000000000000000000000000000000000000000000000000000000000000000000000000000000000000000000000000000000000000000000000000000000000000000000000000000000000000000000000000000000000000000000000000000000000000000000000000000000000000000000000000000000000000000000000000000000000000000000000000000000000000000000000000000000000000000000000000000000000000000000000000000000000000000000 hash=3414648383
EPLAN 0 22 modes=0 pc=0 pp=-1 pb=-1 selon=0 prof=0 Q=9 ns=23 k=0 shifts=2,6,6,5,6,7,8,8,8,9,2,6,6,6,7,7,8,8,8,9,2,6,6,6,7,7,8,8,8,9 nz=28,10,15,29,17,22,8,6,16,0,14,3,1,2,0,0,0,0,1,0,13,0,3,3,0,0,0,0,0,0 sel=00000000000000000000000000000000000000000000000000000000000000000000000000000000000000000000000000000000000000000000000000000000000000000000000000000000000000000000000000000000000000000000000000000000000000000000000000000000000000000000000000000000000000000000000000000000000000000000000000000000000000000000000000000000000000000000000000000000000000000000000000000000000000000000000000000000000000000000000000000000000000000000000000000000000000000000000000000000000000000000000000000000000000000000000000000000 hash=2701543507
EPLAN 0 23 modes=0 pc=0 pp=-1 pb=-1 selon=0 prof=0 Q=8 ns=8 k=0 shifts=2,5,5,5,6,6,8,8,8,9,2,5,5,5,6,6,8,8,8,9,2,5,5,5,6,7,8,8,8,9 nz=28,13,15,22,9,22,1,5,4,0,14,8,2,5,1,12,0,0,0,0,14,3,1,7,2,0,0,0,0,0 sel=00000000000000000000000000000000000000000000000000000000000000000000000000000000000000000000000000000000000000000000000000000000000000000000000000000000000000000000000000000000000000000000000000000000000000000000000000000000000000000000000000000000000000000000000000000000000000000000000000000000000000000000000000000000000000000000000000000000000000000000000000000000000000000000000000000000000000000000000000000000000000000000000000000000000000000000000000000000000000000000000000000000000000000000000000000000 hash=1469774137
EPLAN 0 24 modes=0 pc=0 pp=-1 pb=-1 selon=0 prof=0 Q=8 ns=0 k=0 shifts=2,5,5,6,7,7,8,8,8,9,2,5,5,6,7,7,8,8,8,9,2,5,5,6,7,7,8,8,8,9 nz=28,16,21,18,10,15,9,3,13,0,14,8,5,6,0,3,0,0,0,0,12,3,1,1,0,0,0,0,0,0 sel=00000000000000000000000000000000000000000000000000000000000000000000000000000000000000000000000000000000000000000000000000000000000000000000000000000000000000000000000000000000000000000000000000000000000000000000000000000000000000000000000000000000000000000000000000000000000000000000000000000000000000000000000000000000000000000000000000000000000000000000000000000000000000000000000000000000000000000000000000000000000000000000000000000000000000000000000000000000000000000000000000000000000000000000000000000000 hash=3489293525
EPLAN 0 25 modes=0 pc=0 pp=-1 pb=-1 selon=0 prof=0 Q=9 ns=13 k=0 shifts=2,6,6,6,7,7,8,8,9,10,2,6,6,6,7,7,8,9,9,10,2,6,6,6,7,7,8,9,9,10 nz=28,7,14,15,45,15,10,29,2,0,14,2,3,7,4,1,0,0,0,0,13,0,1,1,0,0,0,0,0,0 sel=00000000000000000000000000000000000000000000000000000000000000000000000000000000000000000000000000000000000000000000000000000000000000000000000000000000000000000000000000000000000000000000000000000000000000000000000000000000000000000000000000000000000000000000000000000000000000000000000000000000000000000000000000000000000000000000000000000000000000000000000000000000000000000000000000000000000000000000000000000000000000000000000000000000000000000000000000000000000000000000000000000000000000000000000000000000 hash=4153588885
EPLAN 0 26 modes=0 pc=0 pp=-1 pb=-1 selon=0 prof=0 Q=10 ns=13 k=0 shifts=2,7,7,7,8,8,9,9,10,11,2,7,7,7,8,8,9,10,10,11,2,7,7,7,8,8,9,10,10,11 nz=28,9,10,17,26,25,12,9,0,0,14,0,1,0,1,0,0,0,0,0,14,3,3,3,3,0,0,0,0,0 sel=00000000000000000000000000000000000000000000000000000000000000000000000000000000000000000000000000000000000000000000000000000000000000000000000000000000000000000000000000000000000000000000000000000000000000000000000000000000000000000000000000000000000000000000000000000000000000000000000000000000000000000000000000000000000000000000000000000000000000000000000000000000000000000000000000000000000000000000000000000000000000000000000000000000000000000000000000000000000000000000000000000000000000000000000000000000 hash=3751428083
EPLAN 0 27 modes=0 pc=0 pp=-1 pb=-1 selon=0 prof=0 Q=8 ns=1 k=0 shifts=2,5,5,5,7,7,8,8,8,9,2,5,5,6,7,7,8,8,8,9,2,5,5,6,7,7,8,8,8,9 nz=28,12,18,33,16,19,11,18,14,0,14,4,3,7,0,0,0,0,0,0,12,3,3,1,1,0,0,0,0,0 sel=00000000000000000000000000000000000000000000000000000000000000000000000000000000000000000000000000000000000000000000000000000000000000000000000000000000000000000000000000000000000000000000000000000000000000000000000000000000000000000000000000000000000000000000000000000000000000000000000000000000000000000000000000000000000000000000000000000000000000000000000000000000000000000000000000000000000000000000000000000000000000000000000000000000000000000000000000000000000000000000000000000000000000000000000000000000 hash=80436347
EPLAN 0 28 modes=0 pc=0 pp=-1 pb=-1 selon=0 prof=0 Q=9 ns=1 k=0 shifts=2,6,6,6,8,8,9,9,9,10,2,6,6,7,8,8,9,9,9,10,2,6,6,7,8,8,9,9,9,10 nz=28,12,15,25,25,14,11,12,11,0,14,2,2,0,0,0,0,0,0,0,13,0,0,0,0,0,0,0,0,0 sel=00000000000000000000000000000000000000000000000000000000000000000000000000000000000000000000000000000000000000000000000000000000000000000000000000000000000000000000000000000000000000000000000000000000000000000000000000000000000000000000000000000000000000000000000000000000000000000000000000000000000000000000000000000000000000000000000000000000000000000000000000000000000000000000000000000000000000000000000000000000000000000000000000000000000000000000000000000000000000000000000000000000000000000000000000000000 hash=1489978892
EPLAN 0 29 modes=0 pc=0 pp=-1 pb=-1 selon=0 prof=0 Q=9 ns=12 k=0 shifts=2,6,6,6,7,7,8,9,9,10,2,6,6,6,7,7,8,9,9,10,2,6,6,6,7,7,8,9,9,10 nz=28,11,18,25,21,25,14,2,13,0,14,2,2,2,0,0,0,0,0,0,14,0,2,1,0,2,0,0,0,0 sel=00000000000000000000000000000000000000000000000000000000000000000000000000000000000000000000000000000000000000000000000000000000000000000000000000000000000000000000000000000000000000000000000000000000000000000000000000000000000000000000000000000000000000000000000000000000000000000000000000000000000000000000000000000000000000000000000000000000000000000000000000000000000000000000000000000000000000000000000000000000000000000000000000000000000000000000000000000000000000000000000000000000000000000000000000000000 hash=1740229503
EPLAN 0 30 modes=0 pc=0 pp=-1 pb=-1 selon=0 prof=0 Q=8 ns=1 k=0 shifts=2,5,5,5,7,7,8,8,8,9,2,5,5,6,7,7,8,8,8,9,2,5,5,6,7,7,8,8,8,9 nz=28,13,15,24,12,18,11,14,22,0,14,3,3,4,1,0,0,0,0,0,11,3,3,2,0,0,0,0,0,0 sel=00000000000000000000000000000000000000000000000000000000000000000000000000000000000000000000000000000000000000000000000000000000000000000000000000000000000000000000000000000000000000000000000000000000000000000000000000000000000000000000000000000000000000000000000000000000000000000000000000000000000000000000000000000000000000000000000000000000000000000000000000000000000000000000000000000000000000000000000000000000000000000000000000000000000000000000000000000000000000000000000000000000000000000000000000000000 hash=3385502383
EPLAN 0 31 modes=0 pc=0 pp=-1 pb=-1 selon=0 prof=0 Q=8 ns=10 k=0 shifts=2,5,5,5,6,6,7,8,8,9,2,5,5,5,6,6,8,8,8,9,2,5,5,5,6,6,8,8,8,9 nz=28,12,11,22,22,23,7,2,3,0,14,3,3,9,4,8,0,0,0,0,13,2,3,9,2,6,0,0,0,0 sel=00000000000000000000000000000000000000000000000000000000000000000000000000000000000000000000000000000000000000000000000000000000000000000000000000000000000000000000000000000000000000000000000000000000000000000000000000000000000000000000000000000000000000000000000000000000000000000000000000000000000000000000000000000000000000000000000000000000000000000000000000000000000000000000000000000000000000000000000000000000000000000000000000000000000000000000000000000000000000000000000000000000000000000000000000000000 hash=3925421987
