0 8 135 1 0 0
0 9 126 60 0 0
0 9 131 53 0 0
0 9 135 2 0 0
0 10 139 86 0 0
0 12 99 24 0 0
0 12 119 105 0 0
0 12 139 29 0 0
0 12 219 111 0 0
0 14 97 -91 0 0
0 14 101 50 0 0
0 14 114 60 0 0
0 14 146 -30 0 0
0 15 46 172 0 0
0 15 97 -123 0 0
0 15 99 88 0 0
0 15 101 50 0 0
0 15 146 -30 0 0
0 16 47 5 0 0
0 17 47 16 0 0
0 18 8 65 0 0
0 18 47 27 0 0
0 18 202 66 0 0
0 20 3 14 0 0
0 21 15 39 0 0
0 21 30 -9 0 0
0 22 29 -22 0 0
0 22 30 -53 0 0
0 22 202 -51 0 0
0 23 6 -186 0 0
0 23 7 -109 0 0
0 23 29 -22 0 0
0 23 30 -53 0 0
0 23 202 -51 0 0
0 15 46 8 1 0
0 30 122 15 0 0
0 30 164 -38 0 0
0 30 165 -18 0 0
0 31 138 -4 0 0
0 31 139 -30 0 0
0 31 164 -38 0 0
0 31 165 -18 0 0
0 23 6 -8 1 0
0 23 7 -8 1 0
0 32 34 -48 0 0
0 34 106 -54 0 0
0 34 107 -41 0 0
0 36 204 5 0 0
0 36 208 19 0 0
0 36 209 14 0 0
0 36 394 2 0 0
0 36 423 9 0 0
0 37 394 2 0 0
0 37 423 9 0 0
0 38 50 -30 0 0
0 38 51 -3 0 0
0 38 214 -34 0 0
0 38 394 2 0 0
0 38 423 9 0 0
0 39 50 -30 0 0
0 39 51 -3 0 0
0 39 214 -34 0 0
0 39 394 2 0 0
0 39 423 9 0 0
0 31 138 -8 1 0
0 31 139 -8 1 0
0 32 34 -8 1 0
0 47 212 15 0 0
0 47 212 8 1 0
0 60 36 4 0 0
0 60 110 74 0 0
0 60 111 25 0 0
0 61 110 74 0 0
0 61 111 25 0 0
0 62 110 74 0 0
0 62 111 25 0 0
0 63 110 74 0 0
0 63 111 25 0 0
0 64 37 2 0 0
0 64 38 8 0 0
0 64 41 2 0 0
0 66 42 7 0 0
0 70 404 24 0 0
0 72 147 10 0 0
0 74 113 8 0 0
0 75 113 17 0 0
0 76 113 26 0 0
0 77 113 26 0 0
0 78 113 26 0 0
0 79 113 26 0 0
0 92 150 10 0 0
0 102 224 21 0 0
0 103 224 21 0 0
0 110 122 35 0 0
0 110 146 -65 0 0
0 110 147 -15 0 0
0 111 146 -65 0 0
0 111 147 -15 0 0
0 113 60 45 0 0
0 117 7 259 0 0
0 118 7 47 0 0
0 118 19 23 0 0
0 118 45 -68 0 0
0 118 46 -70 0 0
0 119 7 47 0 0
0 119 19 23 0 0
0 119 45 -68 0 0
0 119 46 -70 0 0
0 119 216 80 0 0
0 119 217 99 0 0
0 120 0 -24 0 0
0 120 250 6 0 0
0 122 5 -16 0 0
0 122 6 -14 0 0
0 122 138 221 0 0
0 123 138 35 0 0
0 119 216 8 1 0
0 119 217 8 1 0
0 128 106 74 0 0
0 131 46 79 0 0
0 132 67 38 0 0
0 159 231 -115 0 0
0 161 53 27 0 0
0 161 54 68 0 0
0 163 31 13 0 0
0 163 32 20 0 0
0 164 57 10 0 0
0 159 231 -8 1 0
0 172 221 38 0 0
0 172 222 84 0 0
0 172 223 115 0 0
0 172 224 61 0 0
0 172 231 67 0 0
0 174 231 40 0 0
0 175 231 40 0 0
0 202 22 6 0 0
0 210 34 -68 0 0
0 212 73 -23 0 0
0 213 68 37 0 0
0 214 58 93 0 0
0 214 222 72 0 0
0 215 52 -22 0 0
0 215 222 72 0 0
0 216 15 4 0 0
0 215 52 -8 1 0
0 226 60 -32 0 0
0 228 251 64 0 0
0 230 266 -68 0 0
0 231 266 -68 0 0
0 232 45 17 0 0
0 232 225 20 0 0
0 232 226 30 0 0
0 232 227 35 0 0
0 232 45 7 1 0
0 243 227 10 0 0
