EPLAN 0 0 modes=0 pc=0 pp=-1 pb=-1 selon=0 prof=0 Q=5 ns=13 k=0 shifts=1,2,2,2,3,3,4,4,5,6,1,2,2,2,3,3,4,5,5,6,1,2,2,2,3,3,4,5,5,6 nz=240,148,139,293,513,642,464,350,984,21,116,76,98,234,105,217,41,0,53,0,117,50,52,146,13,51,3,0,0,0 sel=00000000000000000000000000000000000000000000000000000000000000000000000000000000000000000000000000000000000000000000000000000000000000000000000000000000000000000000000000000000000000000000000000000000000000000000000000000000000000000000000000000000000000000000000000000000000000000000000000000000000000000000000000000000000000000000000000000000000000000000000000000000000000000000000000000000000000000000000000000000000000000000000000000000000000000000000000000000000000000000000000000000000000000000000000000000 hash=3424660994
EPLAN 0 1 modes=0 pc=0 pp=-1 pb=-1 selon=0 prof=0 Q=5 ns=13 k=0 shifts=1,2,2,2,3,3,4,4,5,6,1,2,2,2,3,3,4,5,5,6,1,2,2,2,3,3,4,5,5,6 nz=240,146,164,331,504,542,357,353,773,47,112,83,99,228,114,210,44,32,41,0,117,73,50,138,34,44,7,20,1,0 sel=00000000000000000000000000000000000000000000000000000000000000000000000000000000000000000000000000000000000000000000000000000000000000000000000000000000000000000000000000000000000000000000000000000000000000000000000000000000000000000000000000000000000000000000000000000000000000000000000000000000000000000000000000000000000000000000000000000000000000000000000000000000000000000000000000000000000000000000000000000000000000000000000000000000000000000000000000000000000000000000000000000000000000000000000000000000 hash=114407181
EPLAN 0 2 modes=0 pc=0 pp=-1 pb=-1 selon=0 prof=0 Q=5 ns=13 k=0 shifts=1,2,2,2,3,3,4,4,5,6,1,2,2,2,3,3,4,5,5,6,1,2,2,2,3,3,4,5,5,6 nz=240,151,195,422,539,468,309,621,588,89,115,84,110,238,127,188,49,92,32,0,117,75,59,124,56,75,19,73,5,0 sel=00000000000000000000000000000000000000000000000000000000000000000000000000000000000000000000000000000000000000000000000000000000000000000000000000000000000000000000000000000000000000000000000000000000000000000000000000000000000000000000000000000000000000000000000000000000000000000000000000000000000000000000000000000000000000000000000000000000000000000000000000000000000000000000000000000000000000000000000000000000000000000000000000000000000000000000000000000000000000000000000000000000000000000000000000000000 hash=4263748744
EPLAN 0 3 modes=0 pc=0 pp=-1 pb=-1 selon=0 prof=0 Q=5 ns=0 k=0 shifts=1,2,2,3,4,4,5,5,5,6,1,2,2,3,4,4,5,5,5,6,1,2,2,3,4,4,5,5,5,6 nz=240,179,202,196,393,166,107,465,328,68,120,80,117,104,64,37,13,95,28,0,120,80,67,38,40,9,5,73,0,0 sel=00000000000000000000000000000000000000000000000000000000000000000000000000000000000000000000000000000000000000000000000000000000000000000000000000000000000000000000000000000000000000000000000000000000000000000000000000000000000000000000000000000000000000000000000000000000000000000000000000000000000000000000000000000000000000000000000000000000000000000000000000000000000000000000000000000000000000000000000000000000000000000000000000000000000000000000000000000000000000000000000000000000000000000000000000000000 hash=3252181462
EPLAN 0 4 modes=0 pc=0 pp=-1 pb=-1 selon=0 prof=0 Q=5 ns=13 k=0 shifts=1,2,2,2,3,3,4,4,5,6,1,2,2,2,3,3,4,5,5,6,1,2,2,2,3,3,4,5,5,6 nz=240,190,264,491,649,515,356,728,395,45,118,95,127,244,169,259,56,76,77,1,114,89,97,161,91,118,15,6,13,0 sel=00000000000000000000000000000000000000000000000000000000000000000000000000000000000000000000000000000000000000000000000000000000000000000000000000000000000000000000000000000000000000000000000000000000000000000000000000000000000000000000000000000000000000000000000000000000000000000000000000000000000000000000000000000000000000000000000000000000000000000000000000000000000000000000000000000000000000000000000000000000000000000000000000000000000000000000000000000000000000000000000000000000000000000000000000000000 hash=916234985
EPLAN 0 5 modes=0 pc=1 pp=2 pb=3 selon=0 prof=0 Q=5 ns=4 k=1 shifts=1,2,2,2,3,3,5,5,5,6,1,2,2,2,4,4,5,5,5,6,1,2,2,3,4,4,5,5,5,6 nz=240,198,276,548,620,631,181,257,754,36,119,110,138,275,53,78,14,60,96,0,118,90,92,145,17,32,0,0,17,0 sel=00000000000000000000000000000000000000000000000000000000000000000000000000000000000000000000000000000000000000000000000000000000000000000000000000000000000000000000000000000000000000000000000000000000000000000000000000000000000000000000000000000000000000000000000000000000000000000000000000000000000000000000000000000000000000000000000000000000000000000000000000000000000000000000000000000000000000000000000000000000000000000000000000000000000000000000000000000000000000000000000000000000000000000000000000000000 hash=685786403
EPLAN 0 6 modes=0 pc=0 pp=-1 pb=-1 selon=0 prof=0 Q=5 ns=1 k=0 shifts=1,2,2,2,4,4,5,5,5,6,1,2,2,3,4,4,5,5,5,6,1,2,2,3,4,4,5,5,5,6 nz=240,196,242,546,377,322,181,291,943,40,119,100,144,130,44,75,24,16,78,1,118,89,106,83,28,38,3,7,17,0 sel=00000000000000000000000000000000000000000000000000000000000000000000000000000000000000000000000000000000000000000000000000000000000000000000000000000000000000000000000000000000000000000000000000000000000000000000000000000000000000000000000000000000000000000000000000000000000000000000000000000000000000000000000000000000000000000000000000000000000000000000000000000000000000000000000000000000000000000000000000000000000000000000000000000000000000000000000000000000000000000000000000000000000000000000000000000000 hash=2367987428
EPLAN 0 7 modes=0 pc=0 pp=-1 pb=-1 selon=0 prof=0 Q=5 ns=1 k=0 shifts=1,2,2,2,4,4,5,5,5,6,1,2,2,3,4,4,5,5,5,6,1,2,2,3,4,4,5,5,5,6 nz=240,199,267,579,456,305,178,260,998,34,119,95,141,139,53,91,21,15,71,0,119,93,117,93,30,34,7,7,19,0 sel=00000000000000000000000000000000000000000000000000000000000000000000000000000000000000000000000000000000000000000000000000000000000000000000000000000000000000000000000000000000000000000000000000000000000000000000000000000000000000000000000000000000000000000000000000000000000000000000000000000000000000000000000000000000000000000000000000000000000000000000000000000000000000000000000000000000000000000000000000000000000000000000000000000000000000000000000000000000000000000000000000000000000000000000000000000000 hash=3971559239
EPLAN 0 8 modes=0 pc=0 pp=-1 pb=-1 selon=0 prof=0 Q=5 ns=2 k=0 shifts=1,2,2,2,3,4,5,5,5,6,1,2,2,3,4,4,5,5,5,6,1,2,2,3,4,4,5,5,5,6 nz=240,190,249,554,769,280,143,207,958,15,120,99,121,128,32,106,19,7,58,0,118,99,107,88,16,42,4,1,17,0 sel=00000000000000000000000000000000000000000000000000000000000000000000000000000000000000000000000000000000000000000000000000000000000000000000000000000000000000000000000000000000000000000000000000000000000000000000000000000000000000000000000000000000000000000000000000000000000000000000000000000000000000000000000000000000000000000000000000000000000000000000000000000000000000000000000000000000000000000000000000000000000000000000000000000000000000000000000000000000000000000000000000000000000000000000000000000000 hash=3343161935
EPLAN 0 9 modes=0 pc=0 pp=-1 pb=-1 selon=0 prof=0 Q=5 ns=5 k=0 shifts=1,2,2,2,3,3,5,5,5,6,1,2,2,2,4,4,5,5,5,6,1,2,2,2,4,4,5,5,5,6 nz=240,184,249,549,772,587,141,236,908,37,120,91,112,244,27,99,22,2,55,0,119,90,108,208,5,46,4,0,9,0 sel=00000000000000000000000000000000000000000000000000000000000000000000000000000000000000000000000000000000000000000000000000000000000000000000000000000000000000000000000000000000000000000000000000000000000000000000000000000000000000000000000000000000000000000000000000000000000000000000000000000000000000000000000000000000000000000000000000000000000000000000000000000000000000000000000000000000000000000000000000000000000000000000000000000000000000000000000000000000000000000000000000000000000000000000000000000000 hash=1056384451
EPLAN 0 10 modes=0 pc=0 pp=-1 pb=-1 selon=0 prof=0 Q=5 ns=1 k=0 shifts=1,2,2,2,4,4,5,5,5,6,1,2,2,3,4,4,5,5,5,6,1,2,2,3,4,4,5,5,5,6 nz=240,193,265,556,454,232,155,392,884,50,119,100,133,124,47,86,26,8,79,6,119,97,101,102,27,41,5,4,6,0 sel=00000000000000000000000000000000000000000000000000000000000000000000000000000000000000000000000000000000000000000000000000000000000000000000000000000000000000000000000000000000000000000000000000000000000000000000000000000000000000000000000000000000000000000000000000000000000000000000000000000000000000000000000000000000000000000000000000000000000000000000000000000000000000000000000000000000000000000000000000000000000000000000000000000000000000000000000000000000000000000000000000000000000000000000000000000000 hash=1442099466
EPLAN 0 11 modes=0 pc=0 pp=-1 pb=-1 selon=0 prof=0 Q=5 ns=2 k=0 shifts=1,2,2,2,3,4,5,5,5,6,1,2,2,3,4,4,5,5,5,6,1,2,2,3,4,4,5,5,5,6 nz=240,183,258,522,791,227,155,487,651,51,120,105,128,131,76,85,43,53,78,14,117,94,105,100,49,44,15,25,12,1 sel=00000000000000000000000000000000000000000000000000000000000000000000000000000000000000000000000000000000000000000000000000000000000000000000000000000000000000000000000000000000000000000000000000000000000000000000000000000000000000000000000000000000000000000000000000000000000000000000000000000000000000000000000000000000000000000000000000000000000000000000000000000000000000000000000000000000000000000000000000000000000000000000000000000000000000000000000000000000000000000000000000000000000000000000000000000000 hash=546367266
EPLAN 0 12 modes=0 pc=0 pp=-1 pb=-1 selon=0 prof=0 Q=5 ns=5 k=0 shifts=1,2,2,2,3,3,5,5,5,6,1,2,2,2,4,4,5,5,5,6,1,2,2,2,4,4,5,5,5,6 nz=240,190,234,455,609,482,107,261,541,37,116,97,131,282,46,101,25,29,62,5,119,92,102,202,26,43,10,4,16,2 sel=00000000000000000000000000000000000000000000000000000000000000000000000000000000000000000000000000000000000000000000000000000000000000000000000000000000000000000000000000000000000000000000000000000000000000000000000000000000000000000000000000000000000000000000000000000000000000000000000000000000000000000000000000000000000000000000000000000000000000000000000000000000000000000000000000000000000000000000000000000000000000000000000000000000000000000000000000000000000000000000000000000000000000000000000000000000 hash=1152876139
EPLAN 0 13 modes=0 pc=0 pp=-1 pb=-1 selon=0 prof=0 Q=5 ns=3 k=0 shifts=1,2,2,2,3,3,5,5,5,6,1,2,2,3,4,4,5,5,5,6,1,2,2,3,4,4,5,5,5,6 nz=240,191,242,525,673,540,105,380,440,17,119,104,146,139,72,95,17,54,87,8,117,100,103,88,41,49,4,28,19,3 sel=00000000000000000000000000000000000000000000000000000000000000000000000000000000000000000000000000000000000000000000000000000000000000000000000000000000000000000000000000000000000000000000000000000000000000000000000000000000000000000000000000000000000000000000000000000000000000000000000000000000000000000000000000000000000000000000000000000000000000000000000000000000000000000000000000000000000000000000000000000000000000000000000000000000000000000000000000000000000000000000000000000000000000000000000000000000 hash=817431627
EPLAN 0 14 modes=0 pc=0 pp=-1 pb=-1 selon=0 prof=0 Q=5 ns=2 k=0 shifts=1,2,2,2,3,4,5,5,5,6,1,2,2,3,4,4,5,5,5,6,1,2,2,3,4,4,5,5,5,6 nz=239,195,281,526,620,282,97,499,432,30,120,94,136,125,70,83,17,84,88,10,120,93,106,78,39,32,2,29,25,0 sel=00000000000000000000000000000000000000000000000000000000000000000000000000000000000000000000000000000000000000000000000000000000000000000000000000000000000000000000000000000000000000000000000000000000000000000000000000000000000000000000000000000000000000000000000000000000000000000000000000000000000000000000000000000000000000000000000000000000000000000000000000000000000000000000000000000000000000000000000000000000000000000000000000000000000000000000000000000000000000000000000000000000000000000000000000000000 hash=2112299066
EPLAN 0 15 modes=0 pc=0 pp=-1 pb=-1 selon=0 prof=0 Q=5 ns=8 k=0 shifts=1,2,2,2,3,3,5,5,5,6,1,2,2,2,3,3,5,5,5,6,1,2,2,2,3,4,5,5,5,6 nz=240,188,265,514,508,505,128,384,330,39,119,102,143,244,139,242,25,82,90,1,119,94,107,185,77,36,1,6,5,0 sel=00000000000000000000000000000000000000000000000000000000000000000000000000000000000000000000000000000000000000000000000000000000000000000000000000000000000000000000000000000000000000000000000000000000000000000000000000000000000000000000000000000000000000000000000000000000000000000000000000000000000000000000000000000000000000000000000000000000000000000000000000000000000000000000000000000000000000000000000000000000000000000000000000000000000000000000000000000000000000000000000000000000000000000000000000000000 hash=2866268786
EPLAN 0 16 modes=0 pc=0 pp=-1 pb=-1 selon=0 prof=0 Q=5 ns=12 k=0 shifts=1,2,2,2,3,3,4,5,5,6,1,2,2,2,3,3,4,5,5,6,1,2,2,2,3,3,4,5,5,6 nz=240,187,260,484,576,483,283,379,166,6,120,98,125,240,131,223,44,7,28,1,118,98,101,178,82,99,13,6,3,1 sel=00000000000000000000000000000000000000000000000000000000000000000000000000000000000000000000000000000000000000000000000000000000000000000000000000000000000000000000000000000000000000000000000000000000000000000000000000000000000000000000000000000000000000000000000000000000000000000000000000000000000000000000000000000000000000000000000000000000000000000000000000000000000000000000000000000000000000000000000000000000000000000000000000000000000000000000000000000000000000000000000000000000000000000000000000000000 hash=1403234826
EPLAN 0 17 modes=0 pc=0 pp=-1 pb=-1 selon=0 prof=0 Q=5 ns=2 k=0 shifts=1,2,2,2,3,4,5,5,5,6,1,2,2,3,4,4,5,5,5,6,1,2,2,3,4,4,5,5,5,6 nz=239,201,283,521,590,352,178,531,459,23,119,92,124,120,50,103,22,39,80,1,117,100,87,80,27,47,7,20,12,2 sel=00000000000000000000000000000000000000000000000000000000000000000000000000000000000000000000000000000000000000000000000000000000000000000000000000000000000000000000000000000000000000000000000000000000000000000000000000000000000000000000000000000000000000000000000000000000000000000000000000000000000000000000000000000000000000000000000000000000000000000000000000000000000000000000000000000000000000000000000000000000000000000000000000000000000000000000000000000000000000000000000000000000000000000000000000000000 hash=2210960910
EPLAN 0 18 modes=0 pc=0 pp=-1 pb=-1 selon=0 prof=0 Q=5 ns=1 k=0 shifts=1,2,2,2,4,4,5,5,5,6,1,2,2,3,4,4,5,5,5,6,1,2,2,3,4,4,5,5,5,6 nz=240,200,304,560,377,369,174,560,495,43,120,89,130,122,70,109,25,83,110,3,117,87,98,69,40,48,6,14,8,1 sel=00000000000000000000000000000000000000000000000000000000000000000000000000000000000000000000000000000000000000000000000000000000000000000000000000000000000000000000000000000000000000000000000000000000000000000000000000000000000000000000000000000000000000000000000000000000000000000000000000000000000000000000000000000000000000000000000000000000000000000000000000000000000000000000000000000000000000000000000000000000000000000000000000000000000000000000000000000000000000000000000000000000000000000000000000000000 hash=1525964541
EPLAN 0 19 modes=0 pc=0 pp=-1 pb=-1 selon=0 prof=0 Q=5 ns=0 k=0 shifts=1,2,2,3,4,4,5,5,5,6,1,2,2,3,4,4,5,5,5,6,1,2,2,3,4,4,5,5,5,6 nz=240,202,308,387,541,346,203,745,437,100,120,93,127,134,105,91,41,81,70,10,118,83,96,61,41,26,6,34,5,3 sel=00000000000000000000000000000000000000000000000000000000000000000000000000000000000000000000000000000000000000000000000000000000000000000000000000000000000000000000000000000000000000000000000000000000000000000000000000000000000000000000000000000000000000000000000000000000000000000000000000000000000000000000000000000000000000000000000000000000000000000000000000000000000000000000000000000000000000000000000000000000000000000000000000000000000000000000000000000000000000000000000000000000000000000000000000000000 hash=3537610666
EPLAN 0 20 modes=0 pc=1 pp=0 pb=3 selon=0 prof=0 Q=6 ns=21 k=1 shifts=2,3,3,3,4,4,5,5,5,6,2,3,3,3,4,4,5,5,5,6,2,3,3,3,4,4,5,5,5,6 nz=238,176,274,479,436,418,199,606,533,52,116,73,92,154,73,112,42,85,104,5,108,67,63,86,24,51,6,17,14,2 sel=00000000000000000000000000000000000000000000000000000000000000000000000000000000000000000000000000000000000000000000000000000000000000000000000000000000000000000000000000000000000000000000000000000000000000000000000000000000000000000000000000000000000000000000000000000000000000000000000000000000000000000000000000000000000000000000000000000000000000000000000000000000000000000000000000000000000000000000000000000000000000000000000000000000000000000000000000000000000000000000000000000000000000000000000000000000 hash=555283252
EPLAN 0 21 modes=0 pc=0 pp=-1 pb=-1 selon=0 prof=0 Q=6 ns=13 k=0 shifts=2,3,3,3,4,4,5,5,6,7,2,3,3,3,4,4,5,6,6,7,2,3,3,3,4,4,5,6,6,7 nz=238,183,277,461,568,477,259,689,300,10,114,86,96,166,86,119,46,5,26,0,112,69,73,120,47,61,18,2,4,0 sel=00000000000000000000000000000000000000000000000000000000000000000000000000000000000000000000000000000000000000000000000000000000000000000000000000000000000000000000000000000000000000000000000000000000000000000000000000000000000000000000000000000000000000000000000000000000000000000000000000000000000000000000000000000000000000000000000000000000000000000000000000000000000000000000000000000000000000000000000000000000000000000000000000000000000000000000000000000000000000000000000000000000000000000000000000000000 hash=333684869
EPLAN 0 22 modes=0 pc=0 pp=-1 pb=-1 selon=0 prof=0 Q=6 ns=9 k=0 shifts=2,3,3,3,4,4,6,6,6,7,2,3,3,3,4,4,6,6,6,7,2,3,3,3,4,4,6,6,6,7 nz=238,201,310,517,633,555,191,662,339,74,116,84,118,180,114,167,20,43,41,0,114,81,97,122,43,54,3,18,6,0 sel=00000000000000000000000000000000000000000000000000000000000000000000000000000000000000000000000000000000000000000000000000000000000000000000000000000000000000000000000000000000000000000000000000000000000000000000000000000000000000000000000000000000000000000000000000000000000000000000000000000000000000000000000000000000000000000000000000000000000000000000000000000000000000000000000000000000000000000000000000000000000000000000000000000000000000000000000000000000000000000000000000000000000000000000000000000000 hash=3434530497
EPLAN 0 23 modes=0 pc=0 pp=-1 pb=-1 selon=0 prof=0 Q=6 ns=5 k=0 shifts=2,3,3,3,4,4,6,6,6,7,2,3,3,3,5,5,6,6,6,7,2,3,3,3,5,5,6,6,6,7 nz=238,195,334,500,590,537,135,721,434,25,119,84,113,181,76,58,26,77,50,0,112,78,74,127,21,21,4,16,2,0 sel=00000000000000000000000000000000000000000000000000000000000000000000000000000000000000000000000000000000000000000000000000000000000000000000000000000000000000000000000000000000000000000000000000000000000000000000000000000000000000000000000000000000000000000000000000000000000000000000000000000000000000000000000000000000000000000000000000000000000000000000000000000000000000000000000000000000000000000000000000000000000000000000000000000000000000000000000000000000000000000000000000000000000000000000000000000000 hash=762474979
EPLAN 0 24 modes=0 pc=0 pp=-1 pb=-1 selon=0 prof=0 Q=6 ns=12 k=0 shifts=2,3,3,3,4,4,5,6,6,7,2,3,3,3,4,4,5,6,6,7,2,3,3,3,4,4,5,6,6,7 nz=238,189,313,484,468,559,266,422,417,8,119,86,95,165,68,137,34,25,47,0,115,73,69,105,30,65,7,0,0,0 sel=00000000000000000000000000000000000000000000000000000000000000000000000000000000000000000000000000000000000000000000000000000000000000000000000000000000000000000000000000000000000000000000000000000000000000000000000000000000000000000000000000000000000000000000000000000000000000000000000000000000000000000000000000000000000000000000000000000000000000000000000000000000000000000000000000000000000000000000000000000000000000000000000000000000000000000000000000000000000000000000000000000000000000000000000000000000 hash=677284606
EPLAN 0 25 modes=0 pc=0 pp=-1 pb=-1 selon=0 prof=0 Q=6 ns=13 k=0 shifts=2,3,3,3,4,4,5,5,6,7,2,3,3,3,4,4,5,6,6,7,2,3,3,3,4,4,5,6,6,7 nz=238,193,329,509,463,600,257,653,435,18,119,90,107,191,69,149,50,12,46,0,114,71,67,105,39,39,7,4,2,0 sel=00000000000000000000000000000000000000000000000000000000000000000000000000000000000000000000000000000000000000000000000000000000000000000000000000000000000000000000000000000000000000000000000000000000000000000000000000000000000000000000000000000000000000000000000000000000000000000000000000000000000000000000000000000000000000000000000000000000000000000000000000000000000000000000000000000000000000000000000000000000000000000000000000000000000000000000000000000000000000000000000000000000000000000000000000000000 hash=2958888051
EPLAN 0 26 modes=0 pc=0 pp=-1 pb=-1 selon=0 prof=0 Q=6 ns=9 k=0 shifts=2,3,3,3,4,4,6,6,6,7,2,3,3,3,4,4,6,6,6,7,2,3,3,3,4,4,6,6,6,7 nz=238,194,338,549,505,624,130,552,561,14,116,88,101,191,81,166,8,23,61,0,114,77,63,111,35,58,2,2,5,0 sel=00000000000000000000000000000000000000000000000000000000000000000000000000000000000000000000000000000000000000000000000000000000000000000000000000000000000000000000000000000000000000000000000000000000000000000000000000000000000000000000000000000000000000000000000000000000000000000000000000000000000000000000000000000000000000000000000000000000000000000000000000000000000000000000000000000000000000000000000000000000000000000000000000000000000000000000000000000000000000000000000000000000000000000000000000000000 hash=2255794050
EPLAN 0 27 modes=0 pc=0 pp=-1 pb=-1 selon=0 prof=0 Q=6 ns=10 k=0 shifts=2,3,3,3,4,4,5,6,6,7,2,3,3,3,4,4,6,6,6,7,2,3,3,3,4,4,6,6,6,7 nz=238,196,329,556,529,602,213,401,506,1,118,87,95,209,118,176,7,19,52,0,116,82,80,114,51,57,0,0,5,0 sel=00000000000000000000000000000000000000000000000000000000000000000000000000000000000000000000000000000000000000000000000000000000000000000000000000000000000000000000000000000000000000000000000000000000000000000000000000000000000000000000000000000000000000000000000000000000000000000000000000000000000000000000000000000000000000000000000000000000000000000000000000000000000000000000000000000000000000000000000000000000000000000000000000000000000000000000000000000000000000000000000000000000000000000000000000000000 hash=2191753101
EPLAN 0 28 modes=0 pc=0 pp=-1 pb=-1 selon=0 prof=0 Q=6 ns=13 k=0 shifts=2,3,3,3,4,4,5,5,6,7,2,3,3,3,4,4,5,6,6,7,2,3,3,3,4,4,5,6,6,7 nz=240,197,313,521,514,546,200,736,390,8,114,89,93,184,83,139,38,7,41,0,116,79,62,110,27,48,5,1,0,0 sel=00000000000000000000000000000000000000000000000000000000000000000000000000000000000000000000000000000000000000000000000000000000000000000000000000000000000000000000000000000000000000000000000000000000000000000000000000000000000000000000000000000000000000000000000000000000000000000000000000000000000000000000000000000000000000000000000000000000000000000000000000000000000000000000000000000000000000000000000000000000000000000000000000000000000000000000000000000000000000000000000000000000000000000000000000000000 hash=1942140946
EPLAN 0 29 modes=0 pc=1 pp=1 pb=3 selon=0 prof=0 Q=6 ns=3 k=1 shifts=2,3,3,3,4,4,6,6,6,7,2,3,3,4,5,5,6,6,6,7,2,3,3,4,5,5,6,6,6,7 nz=237,199,351,590,649,633,107,728,435,12,118,82,110,162,43,97,14,34,37,0,116,75,87,51,16,21,0,14,1,0 sel=00000000000000000000000000000000000000000000000000000000000000000000000000000000000000000000000000000000000000000000000000000000000000000000000000000000000000000000000000000000000000000000000000000000000000000000000000000000000000000000000000000000000000000000000000000000000000000000000000000000000000000000000000000000000000000000000000000000000000000000000000000000000000000000000000000000000000000000000000000000000000000000000000000000000000000000000000000000000000000000000000000000000000000000000000000000 hash=2010341118
EPLAN 0 30 modes=0 pc=0 pp=-1 pb=-1 selon=0 prof=0 Q=6 ns=13 k=0 shifts=2,3,3,3,4,4,5,5,6,7,2,3,3,3,4,4,5,6,6,7,2,3,3,3,4,4,5,6,6,7 nz=239,200,346,560,380,581,208,307,530,4,117,86,115,197,40,153,33,0,45,0,116,75,89,112,13,47,2,0,0,0 sel=00000000000000000000000000000000000000000000000000000000000000000000000000000000000000000000000000000000000000000000000000000000000000000000000000000000000000000000000000000000000000000000000000000000000000000000000000000000000000000000000000000000000000000000000000000000000000000000000000000000000000000000000000000000000000000000000000000000000000000000000000000000000000000000000000000000000000000000000000000000000000000000000000000000000000000000000000000000000000000000000000000000000000000000000000000000 hash=254466370
EPLAN 0 31 modes=0 pc=0 pp=-1 pb=-1 selon=0 prof=0 Q=6 ns=12 k=0 shifts=2,3,3,3,4,4,5,6,6,7,2,3,3,3,4,4,5,6,6,7,2,3,3,3,4,4,5,6,6,7 nz=240,210,322,506,397,579,235,307,619,11,114,86,96,186,44,166,37,17,71,0,111,79,71,112,23,64,6,2,8,0 sel=00000000000000000000000000000000000000000000000000000000000000000000000000000000000000000000000000000000000000000000000000000000000000000000000000000000000000000000000000000000000000000000000000000000000000000000000000000000000000000000000000000000000000000000000000000000000000000000000000000000000000000000000000000000000000000000000000000000000000000000000000000000000000000000000000000000000000000000000000000000000000000000000000000000000000000000000000000000000000000000000000000000000000000000000000000000 hash=3407768719
EPLAN 0 32 modes=0 pc=0 pp=-1 pb=-1 selon=0 prof=0 Q=6 ns=10 k=0 shifts=2,3,3,3,4,4,5,6,6,7,2,3,3,3,4,4,6,6,6,7,2,3,3,3,4,4,6,6,6,7 nz=239,206,313,540,404,640,277,282,677,20,115,90,106,205,56,188,9,6,93,0,116,90,77,132,8,87,0,0,8,0 sel=00000000000000000000000000000000000000000000000000000000000000000000000000000000000000000000000000000000000000000000000000000000000000000000000000000000000000000000000000000000000000000000000000000000000000000000000000000000000000000000000000000000000000000000000000000000000000000000000000000000000000000000000000000000000000000000000000000000000000000000000000000000000000000000000000000000000000000000000000000000000000000000000000000000000000000000000000000000000000000000000000000000000000000000000000000000 hash=3779554518
EPLAN 0 33 modes=0 pc=0 pp=-1 pb=-1 selon=0 prof=0 Q=6 ns=2 k=0 shifts=2,3,3,3,4,5,6,6,6,7,2,3,3,4,5,5,6,6,6,7,2,3,3,4,5,5,6,6,6,7 nz=240,197,308,526,467,507,168,526,681,20,120,83,99,109,36,117,18,20,91,1,115,79,75,70,13,52,6,4,3,0 sel=00000000000000000000000000000000000000000000000000000000000000000000000000000000000000000000000000000000000000000000000000000000000000000000000000000000000000000000000000000000000000000000000000000000000000000000000000000000000000000000000000000000000000000000000000000000000000000000000000000000000000000000000000000000000000000000000000000000000000000000000000000000000000000000000000000000000000000000000000000000000000000000000000000000000000000000000000000000000000000000000000000000000000000000000000000000 hash=1727303252
EPLAN 0 34 modes=0 pc=0 pp=-1 pb=-1 selon=0 prof=0 Q=6 ns=5 k=0 shifts=2,3,3,3,4,4,6,6,6,7,2,3,3,3,5,5,6,6,6,7,2,3,3,3,5,5,6,6,6,7 nz=239,196,307,528,581,606,145,754,557,13,120,94,114,202,69,82,15,42,44,0,113,80,67,103,19,26,4,11,2,0 sel=00000000000000000000000000000000000000000000000000000000000000000000000000000000000000000000000000000000000000000000000000000000000000000000000000000000000000000000000000000000000000000000000000000000000000000000000000000000000000000000000000000000000000000000000000000000000000000000000000000000000000000000000000000000000000000000000000000000000000000000000000000000000000000000000000000000000000000000000000000000000000000000000000000000000000000000000000000000000000000000000000000000000000000000000000000000 hash=1016668711
EPLAN 0 35 modes=0 pc=0 pp=-1 pb=-1 selon=0 prof=0 Q=6 ns=13 k=0 shifts=2,3,3,3,4,4,5,5,6,7,2,3,3,3,4,4,5,6,6,7,2,3,3,3,4,4,5,6,6,7 nz=240,206,303,506,477,545,207,618,464,3,117,84,89,179,60,154,27,15,33,0,111,79,51,93,14,48,1,0,3,0 sel=00000000000000000000000000000000000000000000000000000000000000000000000000000000000000000000000000000000000000000000000000000000000000000000000000000000000000000000000000000000000000000000000000000000000000000000000000000000000000000000000000000000000000000000000000000000000000000000000000000000000000000000000000000000000000000000000000000000000000000000000000000000000000000000000000000000000000000000000000000000000000000000000000000000000000000000000000000000000000000000000000000000000000000000000000000000 hash=3318955325
EPLAN 0 36 modes=0 pc=0 pp=-1 pb=-1 selon=0 prof=0 Q=6 ns=10 k=0 shifts=2,3,3,3,4,4,5,6,6,7,2,3,3,3,4,4,6,6,6,7,2,3,3,3,4,4,6,6,6,7 nz=240,207,301,539,787,579,310,610,455,15,118,90,100,175,96,145,10,29,40,0,112,84,63,104,40,49,0,0,1,0 sel=00000000000000000000000000000000000000000000000000000000000000000000000000000000000000000000000000000000000000000000000000000000000000000000000000000000000000000000000000000000000000000000000000000000000000000000000000000000000000000000000000000000000000000000000000000000000000000000000000000000000000000000000000000000000000000000000000000000000000000000000000000000000000000000000000000000000000000000000000000000000000000000000000000000000000000000000000000000000000000000000000000000000000000000000000000000 hash=3884060875
EPLAN 0 37 modes=0 pc=0 pp=-1 pb=-1 selon=0 prof=0 Q=7 ns=13 k=0 shifts=2,4,4,4,5,5,6,6,7,8,2,4,4,4,5,5,6,7,7,8,2,4,4,4,5,5,6,7,7,8 nz=240,184,299,485,600,566,236,755,414,6,118,66,77,124,53,131,24,0,9,0,113,62,52,69,13,46,1,0,1,0 sel=00000000000000000000000000000000000000000000000000000000000000000000000000000000000000000000000000000000000000000000000000000000000000000000000000000000000000000000000000000000000000000000000000000000000000000000000000000000000000000000000000000000000000000000000000000000000000000000000000000000000000000000000000000000000000000000000000000000000000000000000000000000000000000000000000000000000000000000000000000000000000000000000000000000000000000000000000000000000000000000000000000000000000000000000000000000 hash=3696982164
EPLAN 0 38 modes=0 pc=0 pp=-1 pb=-1 selon=0 prof=0 Q=6 ns=5 k=0 shifts=2,3,3,3,4,4,6,6,6,7,2,3,3,3,5,5,6,6,6,7,2,3,3,3,5,5,6,6,6,7 nz=237,212,325,574,373,715,149,333,887,46,118,86,116,211,18,141,8,12,94,0,118,86,81,136,4,42,3,2,22,0 sel=00000000000000000000000000000000000000000000000000000000000000000000000000000000000000000000000000000000000000000000000000000000000000000000000000000000000000000000000000000000000000000000000000000000000000000000000000000000000000000000000000000000000000000000000000000000000000000000000000000000000000000000000000000000000000000000000000000000000000000000000000000000000000000000000000000000000000000000000000000000000000000000000000000000000000000000000000000000000000000000000000000000000000000000000000000000 hash=2064115688
EPLAN 0 39 modes=0 pc=0 pp=-1 pb=-1 selon=0 prof=0 Q=6 ns=9 k=0 shifts=2,3,3,3,4,4,6,6,6,7,2,3,3,3,4,4,6,6,6,7,2,3,3,3,4,4,6,6,6,7 nz=240,201,315,561,573,663,67,585,519,0,120,96,113,196,101,170,4,31,47,0,114,87,74,119,26,46,0,0,0,0 sel=00000000000000000000000000000000000000000000000000000000000000000000000000000000000000000000000000000000000000000000000000000000000000000000000000000000000000000000000000000000000000000000000000000000000000000000000000000000000000000000000000000000000000000000000000000000000000000000000000000000000000000000000000000000000000000000000000000000000000000000000000000000000000000000000000000000000000000000000000000000000000000000000000000000000000000000000000000000000000000000000000000000000000000000000000000000 hash=588133510
EPLAN 0 40 modes=0 pc=0 pp=-1 pb=-1 selon=0 prof=0 Q=6 ns=5 k=0 shifts=2,3,3,3,4,4,6,6,6,7,2,3,3,3,5,5,6,6,6,7,2,3,3,3,5,5,6,6,6,7 nz=240,204,345,616,609,718,90,469,596,5,119,97,123,212,46,113,6,32,58,0,116,91,85,143,16,24,0,3,2,0 sel=00000000000000000000000000000000000000000000000000000000000000000000000000000000000000000000000000000000000000000000000000000000000000000000000000000000000000000000000000000000000000000000000000000000000000000000000000000000000000000000000000000000000000000000000000000000000000000000000000000000000000000000000000000000000000000000000000000000000000000000000000000000000000000000000000000000000000000000000000000000000000000000000000000000000000000000000000000000000000000000000000000000000000000000000000000000 hash=298033735
EPLAN 0 41 modes=0 pc=0 pp=-1 pb=-1 selon=0 prof=0 Q=6 ns=6 k=0 shifts=2,3,3,3,4,4,6,6,6,7,2,3,3,3,4,5,6,6,6,7,2,3,3,3,5,5,6,6,6,7 nz=239,209,340,568,516,622,111,514,558,14,115,94,121,216,95,85,16,40,37,0,115,83,92,154,10,12,1,0,0,0 sel=00000000000000000000000000000000000000000000000000000000000000000000000000000000000000000000000000000000000000000000000000000000000000000000000000000000000000000000000000000000000000000000000000000000000000000000000000000000000000000000000000000000000000000000000000000000000000000000000000000000000000000000000000000000000000000000000000000000000000000000000000000000000000000000000000000000000000000000000000000000000000000000000000000000000000000000000000000000000000000000000000000000000000000000000000000000 hash=1000461301
EPLAN 0 42 modes=0 pc=0 pp=-1 pb=-1 selon=0 prof=0 Q=6 ns=9 k=0 shifts=2,3,3,3,4,4,6,6,6,7,2,3,3,3,4,4,6,6,6,7,2,3,3,3,4,4,6,6,6,7 nz=240,204,336,589,569,603,110,485,484,9,115,97,129,216,94,166,9,23,26,0,115,86,94,130,18,59,1,0,2,0 sel=00000000000000000000000000000000000000000000000000000000000000000000000000000000000000000000000000000000000000000000000000000000000000000000000000000000000000000000000000000000000000000000000000000000000000000000000000000000000000000000000000000000000000000000000000000000000000000000000000000000000000000000000000000000000000000000000000000000000000000000000000000000000000000000000000000000000000000000000000000000000000000000000000000000000000000000000000000000000000000000000000000000000000000000000000000000 hash=3956818972
EPLAN 0 43 modes=0 pc=0 pp=-1 pb=-1 selon=0 prof=0 Q=6 ns=13 k=0 shifts=2,3,3,3,4,4,5,5,6,7,2,3,3,3,4,4,5,6,6,7,2,3,3,3,4,4,5,6,6,7 nz=240,216,344,565,408,575,234,514,445,9,117,93,111,195,55,133,41,5,41,0,111,91,81,131,14,38,3,0,0,0 sel=00000000000000000000000000000000000000000000000000000000000000000000000000000000000000000000000000000000000000000000000000000000000000000000000000000000000000000000000000000000000000000000000000000000000000000000000000000000000000000000000000000000000000000000000000000000000000000000000000000000000000000000000000000000000000000000000000000000000000000000000000000000000000000000000000000000000000000000000000000000000000000000000000000000000000000000000000000000000000000000000000000000000000000000000000000000 hash=2706991092
EPLAN 0 44 modes=0 pc=0 pp=-1 pb=-1 selon=0 prof=0 Q=6 ns=12 k=0 shifts=2,3,3,3,4,4,5,6,6,7,2,3,3,3,4,4,5,6,6,7,2,3,3,3,4,4,5,6,6,7 nz=240,214,333,538,706,567,225,619,384,4,115,96,110,212,97,142,28,37,24,0,111,89,68,128,72,43,4,3,0,0 sel=00000000000000000000000000000000000000000000000000000000000000000000000000000000000000000000000000000000000000000000000000000000000000000000000000000000000000000000000000000000000000000000000000000000000000000000000000000000000000000000000000000000000000000000000000000000000000000000000000000000000000000000000000000000000000000000000000000000000000000000000000000000000000000000000000000000000000000000000000000000000000000000000000000000000000000000000000000000000000000000000000000000000000000000000000000000 hash=650122008
EPLAN 0 45 modes=0 pc=0 pp=-1 pb=-1 selon=0 prof=0 Q=6 ns=14 k=0 shifts=2,3,3,3,4,4,5,5,5,7,2,3,3,3,4,4,5,6,6,7,2,3,3,3,4,4,5,6,6,7 nz=240,203,319,512,553,530,197,735,607,1,114,90,91,192,79,144,32,3,29,0,112,80,79,126,32,49,5,0,1,0 sel=00000000000000000000000000000000000000000000000000000000000000000000000000000000000000000000000000000000000000000000000000000000000000000000000000000000000000000000000000000000000000000000000000000000000000000000000000000000000000000000000000000000000000000000000000000000000000000000000000000000000000000000000000000000000000000000000000000000000000000000000000000000000000000000000000000000000000000000000000000000000000000000000000000000000000000000000000000000000000000000000000000000000000000000000000000000 hash=2744519013
EPLAN 0 46 modes=0 pc=1 pp=0 pb=3 selon=0 prof=0 Q=5 ns=0 k=1 shifts=1,2,2,3,4,4,5,5,5,6,1,2,2,3,4,4,5,5,5,6,1,2,2,3,4,4,5,5,5,6 nz=240,229,372,469,490,379,193,686,359,23,119,107,154,155,61,87,26,60,57,6,118,112,137,95,11,23,1,4,3,0 sel=00000000000000000000000000000000000000000000000000000000000000000000000000000000000000000000000000000000000000000000000000000000000000000000000000000000000000000000000000000000000000000000000000000000000000000000000000000000000000000000000000000000000000000000000000000000000000000000000000000000000000000000000000000000000000000000000000000000000000000000000000000000000000000000000000000000000000000000000000000000000000000000000000000000000000000000000000000000000000000000000000000000000000000000000000000000 hash=1336928439
EPLAN 0 47 modes=0 pc=0 pp=-1 pb=-1 selon=0 prof=0 Q=5 ns=1 k=0 shifts=1,2,2,2,4,4,5,5,5,6,1,2,2,3,4,4,5,5,5,6,1,2,2,3,4,4,5,5,5,6 nz=240,220,347,618,530,290,153,720,333,31,119,101,157,153,77,86,45,110,68,6,119,103,117,72,16,27,12,3,7,0 sel=00000000000000000000000000000000000000000000000000000000000000000000000000000000000000000000000000000000000000000000000000000000000000000000000000000000000000000000000000000000000000000000000000000000000000000000000000000000000000000000000000000000000000000000000000000000000000000000000000000000000000000000000000000000000000000000000000000000000000000000000000000000000000000000000000000000000000000000000000000000000000000000000000000000000000000000000000000000000000000000000000000000000000000000000000000000 hash=1118363598
EPLAN 0 48 modes=0 pc=0 pp=-1 pb=-1 selon=0 prof=0 Q=5 ns=12 k=0 shifts=1,2,2,2,3,3,4,5,5,6,1,2,2,2,3,3,4,5,5,6,1,2,2,2,3,3,4,5,5,6 nz=240,217,324,574,610,534,329,137,245,1,118,100,151,292,125,280,54,15,40,1,120,97,112,180,36,83,3,1,0,0 sel=00000000000000000000000000000000000000000000000000000000000000000000000000000000000000000000000000000000000000000000000000000000000000000000000000000000000000000000000000000000000000000000000000000000000000000000000000000000000000000000000000000000000000000000000000000000000000000000000000000000000000000000000000000000000000000000000000000000000000000000000000000000000000000000000000000000000000000000000000000000000000000000000000000000000000000000000000000000000000000000000000000000000000000000000000000000 hash=3637252444
EPLAN 0 49 modes=0 pc=0 pp=-1 pb=-1 selon=0 prof=0 Q=5 ns=13 k=0 shifts=1,2,2,2,3,3,4,4,5,6,1,2,2,2,3,3,4,5,5,6,1,2,2,2,3,3,4,5,5,6 nz=239,215,302,533,578,491,296,328,241,8,120,97,144,283,136,247,64,1,45,3,116,90,97,191,14,68,1,0,1,0 sel=00000000000000000000000000000000000000000000000000000000000000000000000000000000000000000000000000000000000000000000000000000000000000000000000000000000000000000000000000000000000000000000000000000000000000000000000000000000000000000000000000000000000000000000000000000000000000000000000000000000000000000000000000000000000000000000000000000000000000000000000000000000000000000000000000000000000000000000000000000000000000000000000000000000000000000000000000000000000000000000000000000000000000000000000000000000 hash=2765876371
EPLAN 0 50 modes=0 pc=0 pp=-1 pb=-1 selon=0 prof=0 Q=5 ns=9 k=0 shifts=1,2,2,2,3,3,5,5,5,6,1,2,2,2,3,3,5,5,5,6,1,2,2,2,3,3,5,5,5,6 nz=240,214,312,571,759,584,103,216,221,11,119,99,124,261,163,263,15,5,36,1,120,94,90,170,30,78,3,0,3,0 sel=00000000000000000000000000000000000000000000000000000000000000000000000000000000000000000000000000000000000000000000000000000000000000000000000000000000000000000000000000000000000000000000000000000000000000000000000000000000000000000000000000000000000000000000000000000000000000000000000000000000000000000000000000000000000000000000000000000000000000000000000000000000000000000000000000000000000000000000000000000000000000000000000000000000000000000000000000000000000000000000000000000000000000000000000000000000 hash=28520085
EPLAN 0 51 modes=0 pc=0 pp=-1 pb=-1 selon=0 prof=0 Q=5 ns=10 k=0 shifts=1,2,2,2,3,3,4,5,5,6,1,2,2,2,3,3,5,5,5,6,1,2,2,2,3,3,5,5,5,6 nz=240,217,301,574,826,526,373,154,188,7,118,92,130,274,165,280,9,6,44,0,118,95,86,175,31,78,0,0,2,0 sel=00000000000000000000000000000000000000000000000000000000000000000000000000000000000000000000000000000000000000000000000000000000000000000000000000000000000000000000000000000000000000000000000000000000000000000000000000000000000000000000000000000000000000000000000000000000000000000000000000000000000000000000000000000000000000000000000000000000000000000000000000000000000000000000000000000000000000000000000000000000000000000000000000000000000000000000000000000000000000000000000000000000000000000000000000000000 hash=1403012877
EPLAN 0 52 modes=0 pc=0 pp=-1 pb=-1 selon=0 prof=0 Q=5 ns=9 k=0 shifts=1,2,2,2,3,3,5,5,5,6,1,2,2,2,3,3,5,5,5,6,1,2,2,2,3,3,5,5,5,6 nz=240,208,312,571,835,568,107,117,209,18,120,97,128,272,164,269,11,0,41,1,119,90,102,173,37,75,1,0,2,0 sel=00000000000000000000000000000000000000000000000000000000000000000000000000000000000000000000000000000000000000000000000000000000000000000000000000000000000000000000000000000000000000000000000000000000000000000000000000000000000000000000000000000000000000000000000000000000000000000000000000000000000000000000000000000000000000000000000000000000000000000000000000000000000000000000000000000000000000000000000000000000000000000000000000000000000000000000000000000000000000000000000000000000000000000000000000000000 hash=3017097077
EPLAN 0 53 modes=0 pc=0 pp=-1 pb=-1 selon=0 prof=0 Q=5 ns=12 k=0 shifts=1,2,2,2,3,3,4,5,5,6,1,2,2,2,3,3,4,5,5,6,1,2,2,2,3,3,4,5,5,6 nz=240,211,301,590,857,587,373,108,112,13,120,95,126,286,173,288,95,1,20,4,119,99,96,138,10,70,6,0,1,0 sel=00000000000000000000000000000000000000000000000000000000000000000000000000000000000000000000000000000000000000000000000000000000000000000000000000000000000000000000000000000000000000000000000000000000000000000000000000000000000000000000000000000000000000000000000000000000000000000000000000000000000000000000000000000000000000000000000000000000000000000000000000000000000000000000000000000000000000000000000000000000000000000000000000000000000000000000000000000000000000000000000000000000000000000000000000000000 hash=3067315161
EPLAN 0 54 modes=0 pc=0 pp=-1 pb=-1 selon=0 prof=0 Q=5 ns=9 k=0 shifts=1,2,2,2,3,3,5,5,5,6,1,2,2,2,3,3,5,5,5,6,1,2,2,2,3,3,5,5,5,6 nz=240,211,317,628,944,607,151,255,105,16,120,95,118,263,190,272,15,5,28,1,120,97,97,156,48,66,2,0,1,0 sel=00000000000000000000000000000000000000000000000000000000000000000000000000000000000000000000000000000000000000000000000000000000000000000000000000000000000000000000000000000000000000000000000000000000000000000000000000000000000000000000000000000000000000000000000000000000000000000000000000000000000000000000000000000000000000000000000000000000000000000000000000000000000000000000000000000000000000000000000000000000000000000000000000000000000000000000000000000000000000000000000000000000000000000000000000000000 hash=3395449624
EPLAN 0 55 modes=0 pc=0 pp=-1 pb=-1 selon=0 prof=0 Q=5 ns=12 k=0 shifts=1,2,2,2,3,3,4,5,5,6,1,2,2,2,3,3,4,5,5,6,1,2,2,2,3,3,4,5,5,6 nz=240,207,319,611,912,542,404,112,53,10,120,101,118,261,161,238,79,0,16,1,120,95,91,143,8,62,3,0,0,0 sel=00000000000000000000000000000000000000000000000000000000000000000000000000000000000000000000000000000000000000000000000000000000000000000000000000000000000000000000000000000000000000000000000000000000000000000000000000000000000000000000000000000000000000000000000000000000000000000000000000000000000000000000000000000000000000000000000000000000000000000000000000000000000000000000000000000000000000000000000000000000000000000000000000000000000000000000000000000000000000000000000000000000000000000000000000000000 hash=574799570
EPLAN 0 56 modes=0 pc=0 pp=-1 pb=-1 selon=0 prof=0 Q=5 ns=12 k=0 shifts=1,2,2,2,3,3,4,5,5,6,1,2,2,2,3,3,4,5,5,6,1,2,2,2,3,3,4,5,5,6 nz=240,220,334,606,923,641,421,106,35,22,119,95,123,287,192,263,99,2,13,0,119,96,97,171,17,59,2,0,0,0 sel=00000000000000000000000000000000000000000000000000000000000000000000000000000000000000000000000000000000000000000000000000000000000000000000000000000000000000000000000000000000000000000000000000000000000000000000000000000000000000000000000000000000000000000000000000000000000000000000000000000000000000000000000000000000000000000000000000000000000000000000000000000000000000000000000000000000000000000000000000000000000000000000000000000000000000000000000000000000000000000000000000000000000000000000000000000000 hash=2087541041
EPLAN 0 57 modes=0 pc=0 pp=-1 pb=-1 selon=0 prof=0 Q=5 ns=12 k=0 shifts=1,2,2,2,3,3,4,5,5,6,1,2,2,2,3,3,4,5,5,6,1,2,2,2,3,3,4,5,5,6 nz=240,216,343,635,949,604,444,116,35,10,117,94,127,260,191,234,100,1,12,1,118,86,97,158,15,44,1,0,0,0 sel=00000000000000000000000000000000000000000000000000000000000000000000000000000000000000000000000000000000000000000000000000000000000000000000000000000000000000000000000000000000000000000000000000000000000000000000000000000000000000000000000000000000000000000000000000000000000000000000000000000000000000000000000000000000000000000000000000000000000000000000000000000000000000000000000000000000000000000000000000000000000000000000000000000000000000000000000000000000000000000000000000000000000000000000000000000000 hash=408529145
EPLAN 0 58 modes=0 pc=0 pp=-1 pb=-1 selon=0 prof=0 Q=5 ns=12 k=0 shifts=1,2,2,2,3,3,4,5,5,6,1,2,2,2,3,3,4,5,5,6,1,2,2,2,3,3,4,5,5,6 nz=240,222,322,626,969,638,487,126,38,11,118,92,121,246,201,259,114,3,11,4,120,90,77,144,9,65,2,0,0,0 sel=00000000000000000000000000000000000000000000000000000000000000000000000000000000000000000000000000000000000000000000000000000000000000000000000000000000000000000000000000000000000000000000000000000000000000000000000000000000000000000000000000000000000000000000000000000000000000000000000000000000000000000000000000000000000000000000000000000000000000000000000000000000000000000000000000000000000000000000000000000000000000000000000000000000000000000000000000000000000000000000000000000000000000000000000000000000 hash=4008005960
EPLAN 0 59 modes=0 pc=0 pp=-1 pb=-1 selon=0 prof=0 Q=5 ns=12 k=0 shifts=1,2,2,2,3,3,4,5,5,6,1,2,2,2,3,3,4,5,5,6,1,2,2,2,3,3,4,5,5,6 nz=240,213,315,614,1028,623,467,128,31,13,119,103,120,261,201,235,87,0,10,2,120,92,87,162,15,49,2,0,0,0 sel=00000000000000000000000000000000000000000000000000000000000000000000000000000000000000000000000000000000000000000000000000000000000000000000000000000000000000000000000000000000000000000000000000000000000000000000000000000000000000000000000000000000000000000000000000000000000000000000000000000000000000000000000000000000000000000000000000000000000000000000000000000000000000000000000000000000000000000000000000000000000000000000000000000000000000000000000000000000000000000000000000000000000000000000000000000000 hash=1113110699
EPLAN 0 60 modes=0 pc=0 pp=-1 pb=-1 selon=0 prof=0 Q=5 ns=12 k=0 shifts=1,2,2,2,3,3,4,5,5,6,1,2,2,2,3,3,4,5,5,6,1,2,2,2,3,3,4,5,5,6 nz=240,210,341,647,972,639,489,129,23,11,119,92,112,252,206,257,103,2,14,1,120,92,75,155,22,68,0,0,0,0 sel=00000000000000000000000000000000000000000000000000000000000000000000000000000000000000000000000000000000000000000000000000000000000000000000000000000000000000000000000000000000000000000000000000000000000000000000000000000000000000000000000000000000000000000000000000000000000000000000000000000000000000000000000000000000000000000000000000000000000000000000000000000000000000000000000000000000000000000000000000000000000000000000000000000000000000000000000000000000000000000000000000000000000000000000000000000000 hash=2944171398
EPLAN 0 61 modes=0 pc=0 pp=-1 pb=-1 selon=0 prof=0 Q=5 ns=12 k=0 shifts=1,2,2,2,3,3,4,5,5,6,1,2,2,2,3,3,4,5,5,6,1,2,2,2,3,3,4,5,5,6 nz=240,209,334,667,1055,664,538,157,32,10,120,97,115,257,214,273,117,5,16,2,120,87,71,156,16,52,2,0,0,0 sel=00000000000000000000000000000000000000000000000000000000000000000000000000000000000000000000000000000000000000000000000000000000000000000000000000000000000000000000000000000000000000000000000000000000000000000000000000000000000000000000000000000000000000000000000000000000000000000000000000000000000000000000000000000000000000000000000000000000000000000000000000000000000000000000000000000000000000000000000000000000000000000000000000000000000000000000000000000000000000000000000000000000000000000000000000000000 hash=1764975789
EPLAN 0 62 modes=0 pc=0 pp=-1 pb=-1 selon=0 prof=0 Q=5 ns=12 k=0 shifts=1,2,2,2,3,3,4,5,5,6,1,2,2,2,3,3,4,5,5,6,1,2,2,2,3,3,4,5,5,6 nz=239,206,340,681,1087,672,508,151,13,0,118,93,129,251,227,271,120,2,7,0,120,86,62,146,22,50,2,0,0,0 sel=00000000000000000000000000000000000000000000000000000000000000000000000000000000000000000000000000000000000000000000000000000000000000000000000000000000000000000000000000000000000000000000000000000000000000000000000000000000000000000000000000000000000000000000000000000000000000000000000000000000000000000000000000000000000000000000000000000000000000000000000000000000000000000000000000000000000000000000000000000000000000000000000000000000000000000000000000000000000000000000000000000000000000000000000000000000 hash=3220810331
EPLAN 0 63 modes=0 pc=0 pp=-1 pb=-1 selon=0 prof=0 Q=5 ns=12 k=0 shifts=1,2,2,2,3,3,4,5,5,6,1,2,2,2,3,3,4,5,5,6,1,2,2,2,3,3,4,5,5,6 nz=240,204,318,650,1027,654,461,121,15,1,119,97,111,275,180,251,111,1,4,0,119,78,57,141,11,56,1,0,0,0 sel=00000000000000000000000000000000000000000000000000000000000000000000000000000000000000000000000000000000000000000000000000000000000000000000000000000000000000000000000000000000000000000000000000000000000000000000000000000000000000000000000000000000000000000000000000000000000000000000000000000000000000000000000000000000000000000000000000000000000000000000000000000000000000000000000000000000000000000000000000000000000000000000000000000000000000000000000000000000000000000000000000000000000000000000000000000000 hash=2641616434
EPLAN 0 64 modes=0 pc=0 pp=-1 pb=-1 selon=0 prof=0 Q=5 ns=12 k=0 shifts=1,2,2,2,3,3,4,5,5,6,1,2,2,2,3,3,4,5,5,6,1,2,2,2,3,3,4,5,5,6 nz=239,209,334,633,984,650,485,114,18,0,120,89,131,265,214,276,103,0,5,0,120,84,60,139,19,51,0,0,0,0 sel=00000000000000000000000000000000000000000000000000000000000000000000000000000000000000000000000000000000000000000000000000000000000000000000000000000000000000000000000000000000000000000000000000000000000000000000000000000000000000000000000000000000000000000000000000000000000000000000000000000000000000000000000000000000000000000000000000000000000000000000000000000000000000000000000000000000000000000000000000000000000000000000000000000000000000000000000000000000000000000000000000000000000000000000000000000000 hash=3619968614
EPLAN 0 65 modes=0 pc=0 pp=-1 pb=-1 selon=0 prof=0 Q=5 ns=12 k=0 shifts=1,2,2,2,3,3,4,5,5,6,1,2,2,2,3,3,4,5,5,6,1,2,2,2,3,3,4,5,5,6 nz=240,211,343,665,1079,687,511,114,23,1,120,89,114,274,245,248,115,0,11,0,120,82,69,159,10,40,0,0,0,0 sel=00000000000000000000000000000000000000000000000000000000000000000000000000000000000000000000000000000000000000000000000000000000000000000000000000000000000000000000000000000000000000000000000000000000000000000000000000000000000000000000000000000000000000000000000000000000000000000000000000000000000000000000000000000000000000000000000000000000000000000000000000000000000000000000000000000000000000000000000000000000000000000000000000000000000000000000000000000000000000000000000000000000000000000000000000000000 hash=260295910
EPLAN 0 66 modes=0 pc=0 pp=-1 pb=-1 selon=0 prof=0 Q=5 ns=9 k=0 shifts=1,2,2,2,3,3,5,5,5,6,1,2,2,2,3,3,5,5,5,6,1,2,2,2,3,3,5,5,5,6 nz=239,208,340,664,1042,685,197,136,31,1,120,96,128,280,220,287,29,0,15,0,118,73,90,165,22,49,0,0,0,0 sel=00000000000000000000000000000000000000000000000000000000000000000000000000000000000000000000000000000000000000000000000000000000000000000000000000000000000000000000000000000000000000000000000000000000000000000000000000000000000000000000000000000000000000000000000000000000000000000000000000000000000000000000000000000000000000000000000000000000000000000000000000000000000000000000000000000000000000000000000000000000000000000000000000000000000000000000000000000000000000000000000000000000000000000000000000000000 hash=888027612
EPLAN 0 67 modes=0 pc=0 pp=-1 pb=-1 selon=0 prof=0 Q=5 ns=18 k=0 shifts=1,2,2,2,3,3,4,4,4,6,1,2,2,2,3,3,4,4,4,6,1,2,2,2,3,3,4,4,4,6 nz=120,103,195,391,675,517,464,1031,656,0,60,48,55,132,126,130,70,9,80,0,60,40,37,84,12,45,2,0,0,0 sel=00000000000000000000000000000000000000000000000000000000000000000000000000000000000000000000000000000000000000000000000000000000000000000000000000000000000000000000000000000000000000000000000000000000000000000000000000000000000000000000000000000000000000000000000000000000000000000000000000000000000000000000000000000000000000000000000000000000000000000000000000000000000000000000000000000000000000000000000000000000000000000000000000000000000000000000000000000000000000000000000000000000000000000000000000000000 hash=3385586213
