0 31 1761 7 0 0
0 32 1748 2 0 0
0 32 1750 3 0 0
0 32 1751 1 0 0
0 32 1752 7 0 0
0 32 1754 7 0 0
0 32 1755 2 0 0
0 32 1756 2 0 0
0 33 1741 5 0 0
0 33 1743 7 0 0
0 33 1745 10 0 0
0 33 1747 3 0 0
0 34 1732 1 0 0
0 35 1723 3 0 0
0 35 1725 24 0 0
0 36 1712 4 0 0
0 36 1713 2 0 0
0 36 1715 13 0 0
0 37 1701 12 0 0
0 37 1707 3 0 0
0 39 1684 5 0 0
0 39 1687 25 0 0
0 40 1675 4 0 0
0 40 1676 7 0 0
0 40 1677 5 0 0
0 40 1678 2 0 0
0 41 1663 26 0 0
0 41 1666 4 0 0
0 41 1667 9 0 0
0 41 1668 11 0 0
0 41 1671 14 0 0
0 42 1656 7 0 0
0 42 1658 8 0 0
0 42 1660 2 0 0
0 43 1646 2 0 0
0 43 1647 16 0 0
0 43 1649 4 0 0
0 44 1637 16 0 0
0 44 1638 5 0 0
0 44 1640 2 0 0
0 45 1626 3 0 0
0 45 1629 12 0 0
0 45 1633 1 0 0
0 46 1616 1 0 0
0 46 1618 8 0 0
0 46 1619 6 0 0
0 46 1620 3 0 0
0 47 1607 18 0 0
0 47 1609 2 0 0
0 47 1628 5 0 0
0 31 1761 4 1 0
0 48 1598 8 0 0
0 48 1599 2 0 0
0 48 1600 4 0 0
0 48 1601 9 0 0
0 49 1587 5 0 0
0 49 1589 20 0 0
0 49 1590 7 0 0
0 49 1591 9 0 0
0 49 1592 8 0 0
0 49 1594 4 0 0
0 50 1577 8 0 0
0 50 1580 4 0 0
0 50 1582 8 0 0
0 51 1568 1 0 0
0 51 1569 1 0 0
0 51 1571 18 0 0
0 51 1572 7 0 0
0 51 1574 14 0 0
0 52 1561 9 0 0
0 53 1549 11 0 0
0 53 1553 20 0 0
0 53 1555 2 0 0
0 54 1542 1 0 0
0 54 1551 5 0 0
0 55 1533 14 0 0
0 55 1534 4 0 0
0 55 1536 12 0 0
0 56 1523 9 0 0
0 56 1525 8 0 0
0 57 1511 9 0 0
0 57 1513 20 0 0
0 57 1515 7 0 0
0 58 1503 10 0 0
0 58 1504 6 0 0
0 58 1506 10 0 0
0 59 1495 6 0 0
0 59 1497 14 0 0
0 59 1499 20 0 0
0 60 1484 5 0 0
0 60 1485 5 0 0
0 60 1486 2 0 0
0 60 1487 1 0 0
0 60 1488 1 0 0
0 61 1474 13 0 0
0 61 1476 11 0 0
0 61 1477 31 0 0
0 61 1478 17 0 0
0 62 1465 3 0 0
0 62 1469 4 0 0
0 63 1457 1 0 0
0 63 1461 34 0 0
0 63 1467 1 0 0
0 63 1469 4 0 0
0 47 1607 4 1 0
0 47 1609 4 1 0
0 47 1611 1 1 0
0 47 1612 4 1 0
0 64 1448 1 0 0
0 64 1449 5 0 0
0 64 1450 6 0 0
0 64 1451 6 0 0
0 64 1452 4 0 0
0 65 1441 2 0 0
0 65 1443 14 0 0
0 65 1444 1 0 0
0 63 1456 3 1 0
0 63 1457 4 1 0
0 63 1458 2 1 0
0 63 1461 4 1 0
0 63 1463 1 1 0
0 198 126 4 0 0
0 200 100 5 0 0
0 200 127 2 0 0
0 207 129 12 0 0
0 214 100 11 0 0
0 215 102 10 0 0
0 215 103 11 0 0
0 216 106 5 0 0
0 216 107 5 0 0
0 217 112 8 0 0
0 217 113 13 0 0
0 217 114 12 0 0
0 217 115 9 0 0
0 217 116 4 0 0
0 217 119 2 0 0
0 217 120 5 0 0
0 217 124 6 0 0
0 217 125 10 0 0
0 217 126 10 0 0
0 217 127 15 0 0
0 217 128 9 0 0
0 274 48 6 0 0
0 287 606 3 0 0
0 287 607 1 0 0
0 287 616 3 0 0
0 288 597 11 0 0
0 288 623 9 0 0
0 288 624 9 0 0
0 290 597 4 0 0
0 290 599 5 0 0
0 290 626 5 0 0
0 291 601 3 0 0
0 291 603 8 0 0
0 291 604 17 0 0
0 291 605 2 0 0
0 291 623 8 0 0
0 291 624 12 0 0
0 292 610 1 0 0
0 292 611 1 0 0
0 292 616 2 0 0
0 292 617 4 0 0
0 292 618 3 0 0
0 287 601 1 1 0
0 287 602 1 1 0
0 287 603 1 1 0
0 287 604 1 1 0
0 287 605 4 1 0
0 287 606 4 1 0
0 287 607 4 1 0
0 287 608 2 1 0
0 287 615 3 1 0
0 287 616 4 1 0
0 319 54 -4 0 0
0 319 1485 5 0 0
0 329 668 7 0 0
0 319 1485 4 1 0
0 351 903 -13 0 0
0 355 785 -2 0 0
0 361 833 -1 0 0
0 363 1403 1 0 0
0 363 1404 17 0 0
0 363 1405 10 0 0
0 363 1406 1 0 0
0 363 1407 13 0 0
0 363 1408 22 0 0
0 363 1420 14 0 0
0 363 1421 12 0 0
0 363 1422 7 0 0
0 363 1423 14 0 0
0 363 1424 14 0 0
0 363 1425 2 0 0
0 364 1427 14 0 0
0 365 743 -1 0 0
0 365 1396 2 0 0
0 365 1397 24 0 0
0 365 1427 34 0 0
0 367 720 -7 0 0
0 367 1397 7 0 0
0 367 1398 13 0 0
0 367 1399 6 0 0
0 368 648 3 0 0
0 368 651 4 0 0
0 368 652 16 0 0
0 368 653 16 0 0
0 368 654 12 0 0
0 368 655 7 0 0
0 368 656 4 0 0
0 368 657 5 0 0
0 368 658 5 0 0
0 368 659 1 0 0
0 368 661 2 0 0
0 368 662 4 0 0
0 368 665 13 0 0
0 368 1401 7 0 0
0 368 1417 5 0 0
0 368 1418 7 0 0
0 368 1419 4 0 0
0 369 611 3 0 0
0 369 612 12 0 0
0 369 627 4 0 0
0 369 628 8 0 0
0 369 629 7 0 0
0 369 630 6 0 0
0 369 631 9 0 0
0 369 632 11 0 0
0 369 633 5 0 0
0 369 642 24 0 0
0 369 643 26 0 0
0 369 644 21 0 0
0 369 645 19 0 0
0 369 646 16 0 0
0 369 647 14 0 0
0 369 648 11 0 0
0 369 649 11 0 0
0 370 583 3 0 0
0 370 584 12 0 0
0 370 585 15 0 0
0 370 586 15 0 0
0 370 587 17 0 0
0 370 588 17 0 0
0 370 589 9 0 0
0 370 590 1 0 0
0 370 593 2 0 0
0 370 594 3 0 0
0 370 598 6 0 0
0 370 599 6 0 0
0 370 600 4 0 0
0 370 601 3 0 0
0 370 602 2 0 0
0 370 614 4 0 0
0 370 615 1 0 0
0 371 542 2 0 0
0 371 543 8 0 0
0 371 544 12 0 0
0 371 545 17 0 0
0 371 546 16 0 0
0 371 547 1 0 0
0 371 578 25 0 0
0 371 579 25 0 0
0 371 580 18 0 0
0 371 581 16 0 0
0 371 582 8 0 0
0 372 514 6 0 0
0 372 515 43 0 0
0 372 523 1 0 0
0 372 524 2 0 0
0 372 525 4 0 0
0 372 526 5 0 0
0 372 527 7 0 0
0 372 528 7 0 0
0 372 532 7 0 0
0 372 533 6 0 0
0 372 534 2 0 0
0 372 540 5 0 0
0 372 541 3 0 0
0 368 662 4 1 0
0 368 665 4 1 0
0 368 1400 2 1 0
0 368 1401 4 1 0
0 368 1402 4 1 0
0 368 1403 1 1 0
0 368 1416 3 1 0
0 368 1417 4 1 0
0 368 1418 4 1 0
0 368 1419 4 1 0
0 368 1420 2 1 0
0 399 283 -2 0 0
0 383 69 -2 1 0
0 407 294 1 0 0
0 407 295 9 0 0
0 407 296 8 0 0
0 417 190 -3 0 0
0 435 248 -15 0 0
0 435 252 -4 0 0
0 435 256 -12 0 0
0 435 257 -17 0 0
0 436 210 -2 0 0
0 471 551 25 0 0
0 471 558 1 0 0
0 471 568 9 0 0
0 471 569 16 0 0
0 471 570 15 0 0
0 471 577 6 0 0
0 471 578 27 0 0
0 471 579 18 0 0
0 471 580 4 0 0
0 471 581 5 0 0
0 471 582 3 0 0
0 472 515 6 0 0
0 472 519 7 0 0
0 472 520 17 0 0
0 472 521 9 0 0
0 472 527 2 0 0
0 472 528 11 0 0
0 472 529 8 0 0
0 472 530 2 0 0
0 472 531 3 0 0
0 473 1543 35 0 0
0 473 1547 6 0 0
0 474 1543 9 0 0
0 474 1544 3 0 0
0 474 1545 2 0 0
0 474 1547 4 0 0
0 474 1549 4 0 0
0 502 48 -1 0 0
0 527 281 -14 0 0
0 528 523 -8 0 0
0 544 287 -7 0 0
0 544 288 -4 0 0
0 544 293 -11 0 0
0 544 294 -16 0 0
0 544 295 -2 0 0
0 544 302 -3 0 0
0 545 290 -3 0 0
0 576 38 -2 0 0
0 577 88 -20 0 0
0 577 89 -22 0 0
0 577 90 -12 0 0
0 579 36 -13 0 0
0 579 37 -16 0 0
0 579 38 -14 0 0
0 579 39 -10 0 0
0 579 40 -6 0 0
0 579 41 -5 0 0
0 579 42 -4 0 0
0 580 529 -5 0 0
0 589 416 -2 0 0
0 589 420 -1 0 0
0 589 1351 -11 0 0
0 590 24 -1 0 0
0 590 25 -1 0 0
0 590 355 -2 0 0
0 590 1266 -12 0 0
0 590 1267 -5 0 0
0 590 1353 -11 0 0
0 590 1357 -14 0 0
0 591 24 -1 0 0
0 591 25 -1 0 0
0 591 34 -11 0 0
0 591 355 -2 0 0
0 591 1357 -10 0 0
0 592 216 -1 0 0
0 593 414 -3 0 0
0 594 12 -4 0 0
0 594 13 -3 0 0
0 594 350 -1 0 0
0 594 351 -4 0 0
0 594 402 -6 0 0
0 594 1323 -8 0 0
0 595 122 -10 0 0
0 595 123 -11 0 0
0 595 124 -4 0 0
0 595 140 -9 0 0
0 595 141 -10 0 0
0 597 140 -7 0 0
0 597 141 -18 0 0
0 597 142 -10 0 0
0 597 143 -7 0 0
0 597 144 -2 0 0
0 597 403 -15 0 0
0 597 426 -6 0 0
0 597 427 -18 0 0
0 597 559 -22 0 0
0 598 426 -28 0 0
0 598 427 -42 0 0
0 598 428 -5 0 0
0 598 429 -4 0 0
0 598 430 -1 0 0
0 598 439 -16 0 0
0 599 436 -2 0 0
0 599 438 -4 0 0
0 599 496 -2 0 0
0 599 517 -14 0 0
0 600 397 -23 0 0
0 600 401 -3 0 0
0 600 560 -4 0 0
0 601 560 -3 0 0
0 602 560 -2 0 0
0 603 80 -7 0 0
0 604 433 -7 0 0
0 604 507 -5 0 0
0 604 522 -7 0 0
0 605 32 -12 0 0
0 605 506 -19 0 0
0 605 507 -13 0 0
0 605 531 -1 0 0
0 606 512 -4 0 0
0 606 515 -11 0 0
0 591 34 -4 1 0
0 591 1324 -2 1 0
0 592 355 -1 1 0
0 612 1375 -10 0 0
0 626 533 -1 0 0
0 632 927 -13 0 0
0 633 65 -3 0 0
0 633 66 -16 0 0
0 633 67 -8 0 0
0 633 152 -3 0 0
0 638 534 -6 0 0
0 639 299 -13 0 0
0 639 534 -6 0 0
0 642 171 -1 0 0
0 642 174 -2 0 0
0 646 343 -2 0 0
0 647 248 -15 0 0
0 647 252 -14 0 0
0 647 253 -9 0 0
0 649 673 -4 0 0
0 650 347 -4 0 0
0 651 913 -24 0 0
0 651 925 -7 0 0
0 655 293 -30 0 0
0 655 294 -19 0 0
0 655 295 -23 0 0
0 655 296 -17 0 0
0 657 922 -13 0 0
0 657 923 -2 0 0
0 658 149 -1 0 0
0 658 913 -11 0 0
0 659 138 -11 0 0
0 660 928 -2 0 0
0 661 92 -8 0 0
0 661 93 -3 0 0
0 662 241 -2 0 0
0 662 242 -1 0 0
0 665 929 -6 0 0
0 665 930 -3 0 0
0 666 242 -4 0 0
0 670 354 -6 0 0
0 670 355 -17 0 0
0 670 1379 -2 0 0
0 671 1295 -18 0 0
0 671 1379 -2 0 0
0 672 1320 -8 0 0
0 676 569 -9 0 0
0 683 1307 -5 0 0
0 683 1308 -3 0 0
0 684 1270 -7 0 0
0 685 1359 -21 0 0
0 686 539 -29 0 0
0 687 539 -29 0 0
0 671 1295 -4 1 0
0 672 1379 -4 1 0
0 700 1269 -5 0 0
0 704 898 -1 0 0
0 704 1381 -6 0 0
0 706 541 -4 0 0
0 706 932 -3 0 0
0 707 192 -6 0 0
0 707 932 -7 0 0
0 707 1381 -3 0 0
0 708 932 -11 0 0
0 708 1381 -15 0 0
0 709 932 -5 0 0
0 721 732 -10 0 0
0 721 733 -1 0 0
0 721 737 -1 0 0
0 721 738 -3 0 0
0 738 92 -1 0 0
0 739 125 -3 0 0
0 739 437 -7 0 0
0 739 438 -13 0 0
0 739 439 -6 0 0
0 739 453 -1 0 0
0 739 454 -2 0 0
0 739 455 -3 0 0
0 739 456 -2 0 0
0 739 460 -9 0 0
0 739 464 -11 0 0
0 739 465 -2 0 0
0 739 470 -4 0 0
0 739 471 -1 0 0
0 739 473 -1 0 0
0 739 474 -3 0 0
0 739 475 -1 0 0
0 739 486 -8 0 0
0 739 487 -1 0 0
0 744 578 -3 0 0
0 745 126 -3 0 0
0 745 132 -1 0 0
0 745 133 -12 0 0
0 759 385 -4 0 0
0 759 399 -5 0 0
0 761 61 -1 0 0
0 761 62 -1 0 0
0 761 392 -10 0 0
0 761 393 -6 0 0
0 761 395 -1 0 0
0 761 403 -12 0 0
0 761 415 -3 0 0
0 761 416 -5 0 0
0 761 417 -3 0 0
0 761 429 -5 0 0
0 761 430 -4 0 0
0 761 431 -2 0 0
0 761 439 -2 0 0
0 761 440 -2 0 0
0 761 458 -9 0 0
0 761 459 -6 0 0
0 761 460 -1 0 0
0 761 529 -1 0 0
0 761 530 -14 0 0
0 761 531 -4 0 0
0 761 541 -7 0 0
0 761 542 -15 0 0
0 761 543 -11 0 0
0 761 545 -1 0 0
0 761 552 -9 0 0
0 761 553 -14 0 0
0 761 554 -20 0 0
0 762 35 -1 0 0
0 762 36 -6 0 0
0 762 81 -1 0 0
0 762 82 -1 0 0
0 763 52 -1 0 0
0 763 76 -2 0 0
0 763 77 -3 0 0
0 763 78 -1 0 0
0 767 581 -5 0 0
0 782 549 -5 0 0
0 767 581 -2 1 0
0 798 585 -2 0 0
0 800 421 -10 0 0
0 847 556 -3 0 0
0 876 559 -6 0 0
